Row,x,y,EC,uEC
JUNCTION-1000,85.54,185.99,0.000982337045326153,0
JUNCTION-1001,82.15,184.25,2.33924519219732,26.7121575303498
JUNCTION-1003,83.64,189.54,2.04110567595237,20.2027424787037
JUNCTION-1005,83.54,190.17,2.03334464180655,20.7063114597737
JUNCTION-101,102.42,84.47,0.00162938862384505,0
JUNCTION-1012,83.64,193.45,0.000429131908358114,5.66514403292181e-05
JUNCTION-1018,79.46,196.86,1.3727377276248,22.8004566313786
JUNCTION-1019,74.27,196.81,0.106293592417951,2.46561150216049
JUNCTION-1020,64.34,197.63,0.0881780954201111,1.98017481666667
JUNCTION-1025,81.01,189.33,1.16588958699385,18.4183795040124
JUNCTION-1031,81.1,176.57,1.81646445333391,21.516575355144
JUNCTION-1032,83.16,177.49,2.48619708342484,35.3568706694444
JUNCTION-1036,80.81,173.16,2.500627568486,28.7237357457819
JUNCTION-1038,76.15,173.04,0.275511570268557,10.3770467760288
JUNCTION-1039,81.48,170.96,2.31338123495132,27.6917190260288
JUNCTION-1042,79.02,170.66,0.00539839543072548,0
JUNCTION-1043,81.78,164.95,2.24403165846542,32.8213583505144
JUNCTION-1044,80.97,166.04,0.249709016374675,23.3266282242798
JUNCTION-1046,76.7,166.05,0.233526912298581,10.7522669570988
JUNCTION-1047,73.35,166,0.21971548355815,6.82942655246914
JUNCTION-1048,70.4,165.9,0.210435310185134,6.88472878971194
JUNCTION-1049,65.38,166.1,0.271302304674126,8.75694176141975
JUNCTION-105,98.88,87.55,4.84984525657436,28.8797755057613
JUNCTION-1050,61.33,165.73,0.264583053219575,9.70811242623457
JUNCTION-1051,61.86,167.04,0.237004643993051,8.08768720380658
JUNCTION-1054,61.76,168.02,0.190428980627801,6.49460091553498
JUNCTION-1056,65.37,166.3,0.226620561051862,10.8325460020576
JUNCTION-1057,65.29,172.89,0.550101406669277,17.6843224384774
JUNCTION-1058,66.49,172.91,0.467082829746109,16.229145567284
JUNCTION-1059,68.29,172.95,0.308064259602842,11.1328598986625
JUNCTION-1061,70.59,176.9,0.0652449209155314,2.80547702335391
JUNCTION-1062,68.12,175.91,0.259860258138893,16.0573669173868
JUNCTION-1064,63.56,177.72,0.0171854252079988,0.953809106069959
JUNCTION-1065,72.2,173,0.304010919863779,11.4892424996914
JUNCTION-1068,76.42,177.5,0.00283867414942454,0
JUNCTION-1069,78.67,188.81,0.0454983591013825,0.0242734693415638
JUNCTION-1070,78.68,188.49,0.00138552547250139,0
JUNCTION-1072,77.49,185.88,0.00220714005916864,0
JUNCTION-1075,75.96,190.78,0.00174613620817589,0
JUNCTION-1078,68.63,188.09,0.00624307841592224,0.00346502962962963
JUNCTION-1080,68.54,186.86,0.00193373402834062,0
JUNCTION-1081,72.44,176.97,0.00185927623681663,0
JUNCTION-1082,68.01,180.13,0.0180790251367321,0.243916089506175
JUNCTION-1083,63.59,178.86,0.00918664516800033,0.341548716975308
JUNCTION-1084,61.39,172.81,0.617783922142546,13.546451927572
JUNCTION-1085,55.81,172.79,0.685633023130857,13.0996257177984
JUNCTION-1086,56.78,173.71,0.00197714495170591,0
JUNCTION-1087,54.86,172.78,1.04575876127276,11.5358308117284
JUNCTION-109,109.61,88.01,2.69926489319096,44.8114787947531
JUNCTION-1090,57.54,165.85,0.268451329467715,16.4197404780864
JUNCTION-1093,54.38,167.25,0.00160133835358344,0
JUNCTION-1095,54.42,174.54,1.01051384185138,11.7449286436214
JUNCTION-1097,55.08,179.79,0.0019947470077539,0
JUNCTION-1103,59.09,183.75,0.0273142165631764,0.0239633526748971
JUNCTION-1104,60.86,184.44,0.00380872908099873,0.000502681481481481
JUNCTION-1111,56.07,194.23,0.0277711114376069,0.0390621174897119
JUNCTION-1113,54.78,196.39,0.0112650186049994,0.0196602247942387
JUNCTION-1118,92.47,127.77,0.00141294035467241,0
JUNCTION-1119,87.42,127.31,3.54515687485052,31.3095557548354
JUNCTION-112,106.05,94.71,5.52728649694598,30.7567578372428
JUNCTION-1121,87.99,132.77,3.41567894866141,33.5114158139918
JUNCTION-1124,85.97,132.17,0.00154401453636815,0
JUNCTION-1126,80.21,130.26,2.85709177956628,32.6184989825103
JUNCTION-113,104.6,94.52,0.00162563746646927,0
JUNCTION-1133,76.63,129.06,0.00150744202553471,0
JUNCTION-1138,76.75,121.73,3.87842418979214,24.4441775909465
JUNCTION-1139,75.37,118.63,3.35090750826273,31.8344809225308
JUNCTION-1141,82.17,119.25,3.43455946347478,30.4982659649177
JUNCTION-1142,84.23,119.63,3.4381867617287,30.2976150513374
JUNCTION-1143,82.16,124.13,3.23416561355896,32.0756540603909
JUNCTION-1144,84.46,121.34,3.48960309098031,30.7694450830247
JUNCTION-1147,90.07,117.76,3.35504528638794,29.0881514963992
JUNCTION-1149,91.25,119.27,0.00144564051267808,0
JUNCTION-115,96.07,94.62,5.70268978724787,28.7965393934157
JUNCTION-1150,86.68,121.57,3.28344837316984,31.0373940955761
JUNCTION-1151,89.48,124.76,3.37516611795942,31.3083411553498
JUNCTION-1154,90.62,126.55,0.000500460823755493,0
JUNCTION-1156,86.45,126.18,0.000441787058635562,0
JUNCTION-116,96.91,93.69,0.001353401543153,0
JUNCTION-1160,85.18,116.72,3.12277535737082,29.6793127083333
JUNCTION-1162,86.6,115.33,2.78850298009924,28.8873203694444
JUNCTION-1164,87.68,114.76,3.33412251737714,33.5766488219136
JUNCTION-1166,87.5,113.91,2.78142221873517,62.1000066002057
JUNCTION-1168,91.9,112.3,0.00316960014647334,0
JUNCTION-1170,91.28,109.69,0.00182457338312818,0
JUNCTION-1172,88.64,109.4,2.74116021142059,62.3963805127572
JUNCTION-1174,80.28,103.02,3.66952641080458,37.2011695159465
JUNCTION-1175,80.23,100.62,3.66616555799158,38.1686159454733
JUNCTION-1177,79.27,107.09,3.53065021321307,32.9251342603909
JUNCTION-1178,79.34,100.62,3.10833323919043,45.9882945403292
JUNCTION-1183,75.03,111.79,3.50610720332658,31.2200499151235
JUNCTION-1184,77.68,109.34,0.000885702655790318,0
JUNCTION-1187,73.29,108.77,1.87871179893236,35.9239307309671
JUNCTION-1189,73.82,112.46,3.9158043628048,23.6268400983539
JUNCTION-1190,73.07,112.18,0.00377484384948063,0
JUNCTION-1191,74.04,113.9,3.91539864986888,23.6526499251029
JUNCTION-1193,73.42,124.06,2.02188742321814,24.6637175031893
JUNCTION-1194,71.4,125.21,2.32133108197689,28.0005078597736
JUNCTION-1196,69.51,128.4,2.8635829261793,32.6102056561728
JUNCTION-1197,71.09,123.76,2.2770933080499,32.0162929207819
JUNCTION-12,119.43,63.2,0.00263287772094893,0
JUNCTION-1202,66.13,121.22,0.00204776066248731,0
JUNCTION-1205,50.85,121.89,1.94739919113586,27.8735673918724
JUNCTION-1207,56.81,123.6,0.00403591784024562,0.000532534567901235
JUNCTION-1208,71.92,128.28,0.793564314163407,9.95011532921812
JUNCTION-1209,64.41,120.34,2.01788393383928,31.7992948915638
JUNCTION-1211,67.79,117.63,1.79701349105024,39.0707561490741
JUNCTION-1214,68.42,116.16,1.73501190490683,36.5530610769547
JUNCTION-1217,69.86,112.07,0.00120272200610326,0
JUNCTION-1219,65.19,113.24,1.78796603557669,23.0904689341564
JUNCTION-1220,65.13,109.99,1.88886128479889,22.5036062116255
JUNCTION-1221,62.63,112.25,1.85032666114636,27.2822714316873
JUNCTION-1222,59.45,114.48,1.87159566968329,24.5052693867284
JUNCTION-1224,62.8,115.92,1.89526234937868,40.1900230530864
JUNCTION-1227,64.31,120.32,1.9418563409525,29.3974634538066
JUNCTION-1229,61.37,120.67,1.91113709794188,40.900430484465
JUNCTION-123,120.12,91,2.72321951713144,45.5909311211934
JUNCTION-1234,58.93,117.49,0.00203523926738959,0
JUNCTION-1235,61.48,116.77,0.00269238616894063,0
JUNCTION-1236,62.36,116.03,0.00235852713705127,0
JUNCTION-1237,67.48,109.31,1.8438213141625,21.771304619856
JUNCTION-1242,69.58,107.91,0.003671404372547,0
JUNCTION-1251,74.28,106.25,0.000844117983159262,0
JUNCTION-1252,73.32,104.82,0.00172897293066125,0
JUNCTION-1254,71.15,97.98,0.00192755775313748,0
JUNCTION-1258,68.69,96.59,0.00286900193984279,0
JUNCTION-126,121.23,87.79,0.116163809306696,0.0354528894032922
JUNCTION-1262,62.95,100.03,0.00120832178808246,0
JUNCTION-1264,65.71,95.86,4.00474798402783,22.1955107944444
JUNCTION-1266,66.05,95.18,4.07715671467268,23.847655649177
JUNCTION-1267,77.32,90.29,4.19248231113412,22.3907513824074
JUNCTION-1269,81.7,100.04,0.000625978495287728,0
JUNCTION-127,123.41,84.5,0.107907135611381,0.0342056595679012
JUNCTION-1271,79.67,90.26,3.89508466507556,26.3301191031893
JUNCTION-1273,79.11,90.26,3.03114275530312,45.1433946239712
JUNCTION-1277,92.55,88.81,6.13044158986098,36.3195888483539
JUNCTION-1279,91.3,89.11,4.07627464115526,52.2688137967079
JUNCTION-1282,92.52,90.82,0.0237499615105312,0.245141562037039
JUNCTION-1284,92.44,84.41,6.64362643930818,58.411266722428
JUNCTION-1285,92.42,84.21,5.73729921786287,29.3880361395062
JUNCTION-129,118.68,81.7,0.0620088563299419,0.0507415518518519
JUNCTION-1290,71.74,89.5,3.6955361243435,20.7195129228395
JUNCTION-1291,70.6,86.26,3.26026122183092,23.4379201634773
JUNCTION-1292,65.21,81.93,3.27192704397149,24.1485880803498
JUNCTION-1294,90.8,80.88,0.00746957836413252,0.0101377358024691
JUNCTION-1296,91.59,78.83,0.000832259385008899,0
JUNCTION-1297,93.87,78.8,0.0023668044815547,0
JUNCTION-1298,87.68,81.72,0.00349058437322437,0
JUNCTION-13,120.76,60.56,5.50657111679522,46.1754845149177
JUNCTION-130,116,86.24,0.0461907208306257,0.121739956069959
JUNCTION-1300,65.3,90.05,3.75916532786987,21.7810695082305
JUNCTION-1303,63.47,89.52,3.40825150976197,24.8285537485597
JUNCTION-1306,61.21,86.18,0.296577598389174,0.358836384465021
JUNCTION-1308,57.09,79.88,0.266923402212806,0.349582644650206
JUNCTION-131,114.63,85.42,0.0194309462632716,0.220536182201646
JUNCTION-1312,52.39,73.8,0.000988384648883813,0.000130480658436214
JUNCTION-1316,47.92,68.52,0.00535186443642545,0
JUNCTION-1317,44.39,71.51,0.210506594099209,0.314335700617284
JUNCTION-132,114.22,89.24,0.0331678827404172,0.451075535905348
JUNCTION-1323,38.26,68.71,0.141635550363601,0.245500098559671
JUNCTION-1324,39.64,66.01,0.024689820231191,0.0378558185185185
JUNCTION-1325,41.95,61.87,0.0163345294912662,0.0167219427983539
JUNCTION-1327,38.5,59.35,0.00110718678192231,0
JUNCTION-1329,38.56,60.85,0.000763275486392766,0
JUNCTION-1332,47.87,60.67,0.0419902641359768,0.0289208998971194
JUNCTION-1333,49.5,59.43,0.00222739915506823,0.000293975308641975
JUNCTION-1334,45.72,52.39,0.02932474882012,0.020144737962963
JUNCTION-1337,60,30,0.0016216938026324,0
JUNCTION-1338,33.71,66.32,0.10102268082824,0.152996530144033
JUNCTION-134,113.19,87.48,0.0237087282215648,0.432187884979424
JUNCTION-1340,30.72,68.23,0.0612078819302145,0.0960023598765433
JUNCTION-1341,30.76,69.75,0.0561875285420903,0.113101233333333
JUNCTION-1346,19.25,62.18,0.00252108789758744,0
JUNCTION-1350,33.73,79,0.00142228254354692,0
JUNCTION-1352,35.57,82.91,0.00329270991371179,0.000434540740740741
JUNCTION-1353,57.63,188.13,0.242127011130264,9.25669063868314
JUNCTION-1354,58.99,187.51,0.0312532038205114,0.0235322691358025
JUNCTION-1355,59.06,183.15,0.0147784127211599,0.00884256255144032
JUNCTION-1356,59.58,182.87,0.0110603412723583,0.00645268024691358
JUNCTION-1357,60.51,178.93,0.00675936342795427,0.00224164814814815
JUNCTION-1358,60.5,178.52,0.0017885862331278,0
JUNCTION-1359,59.53,167.33,0.00152615570777396,0
JUNCTION-136,117.33,80.89,0.0123486331679893,0.136783070987654
JUNCTION-1360,65.36,171.25,0.257506580394608,15.2629995633745
JUNCTION-1361,66.63,171.42,0.004147562958447,0
JUNCTION-1362,63.28,172.84,0.577077426465604,14.1822921030864
JUNCTION-1363,65.35,173.62,0.566067576067718,15.5578904197531
JUNCTION-1364,71.6,176.13,0.00176171614728808,0
JUNCTION-1366,75.03,179.59,0.00394200210661242,0
JUNCTION-1367,80.89,179.2,1.18624706400091,20.0771797610082
JUNCTION-1371,69.88,177.65,0.0219903297322176,0.282101080144035
JUNCTION-1372,65.35,179.48,0.0136392752119685,0.197002458024692
JUNCTION-1373,73.84,173.01,0.290339083589571,11.5693942356996
JUNCTION-1374,81.59,166.93,2.75594422719761,19.8554522633745
JUNCTION-1376,77.85,167.77,0.00265670201052413,0.000350664197530864
JUNCTION-1378,64.5,188.5,0.109879784264484,5.51605587983539
JUNCTION-1379,64.57,189.12,0.100968200197527,4.20897121018519
JUNCTION-138,118.51,79.47,0.000958915059521896,0
JUNCTION-1380,64.47,193.47,0.093518771165564,2.76487153539095
JUNCTION-1381,64.47,193.75,0.0898481664276033,2.28177667407408
JUNCTION-1382,60.8,195.01,0.0439197828804111,0.0447561593621399
JUNCTION-1383,59.98,195,0.0384748994059964,0.0435813247942386
JUNCTION-1384,53.82,200.25,0.00308779338872739,0
JUNCTION-1385,55.8,199.53,0.00310855921494256,0
JUNCTION-1387,61.47,198.65,0.00406871207612683,0
JUNCTION-1388,71.03,196.62,0.0973104457181132,2.20344693106996
JUNCTION-1389,71.91,188.91,0.0152914170172718,0.00841875349794238
JUNCTION-139,121.72,78.8,0.0732488543573702,0.054834170781893
JUNCTION-1390,71.67,188.87,0.0130664720094879,0.00629217448559671
JUNCTION-1391,73.91,189.33,0.0191659646542815,0.00994340144032921
JUNCTION-1392,71.69,196.63,0.103558929880717,2.50828750432098
JUNCTION-1393,77.49,186.39,0.00718605776702408,0.00407754897119342
JUNCTION-1395,86.75,200.63,0.000419729052276729,0
JUNCTION-1396,87.35,203.18,0.000497604916539447,0
JUNCTION-1398,87.32,203.8,0.0486460764943555,0.063588146399177
JUNCTION-1399,84.12,204.76,0.00188182165369793,0
JUNCTION-140,125.93,81.81,0.0828562566162914,0.073076841563786
JUNCTION-1401,78.04,215.19,0.000463879352843053,0
JUNCTION-1402,82.72,212.91,0.0145008089515663,0.0079473299382716
JUNCTION-1403,86.44,210.45,0.0104616346380617,0.00865493827160494
JUNCTION-1404,90.49,206.24,0.021810281642044,0.0143498720164609
JUNCTION-1405,89.52,209.06,0.0152721662511426,0.0145446037037037
JUNCTION-1407,92.16,209.3,0.00311360362665431,0
JUNCTION-1408,88.42,211.13,0.00235804122788078,0
JUNCTION-1409,86.58,209.55,0.0170779681672535,0.0243240491769548
JUNCTION-1410,88.82,182.67,2.19147206243592,30.9625179925926
JUNCTION-1411,92.48,184.29,2.36383854995149,31.8130178842593
JUNCTION-1412,92.45,180.22,2.60565297224892,36.8210883276749
JUNCTION-1413,96.08,185.58,2.63046606658131,34.2215409195473
JUNCTION-1414,100.23,187.86,1.87852393996171,32.5805527536008
JUNCTION-1415,103.92,178.01,0.0126132075419923,0.00954406707818929
JUNCTION-1416,104.89,176.71,0.00965040900985185,0.00620098765432098
JUNCTION-1417,100.76,175.87,1.72858278252164,60.5813182502058
JUNCTION-1418,101.03,172.78,1.60569429158136,58.095094986214
JUNCTION-1419,107.97,174.81,0.00391628359448572,0
JUNCTION-142,121.7,91.43,2.05671708156853,40.663621755144
JUNCTION-1420,97.87,169.32,1.42642713219775,52.6141754673868
JUNCTION-1421,95.65,168.87,1.39058888541706,50.1162028526749
JUNCTION-1422,86.02,173.63,2.24486524144414,38.3212167268519
JUNCTION-1423,95.18,175.63,2.59215619257205,57.6762679388888
JUNCTION-1425,89.89,178.01,0.000348969342959455,0
JUNCTION-1426,96.25,179.58,2.48381337637702,56.1357447848766
JUNCTION-1427,80.37,193.29,1.34328975723077,22.0578238776749
JUNCTION-1428,100.41,178.74,1.73877776351047,60.4249515463992
JUNCTION-1429,111.05,180.22,0.646337762985381,55.3709317518519
JUNCTION-143,122.24,89.87,0.0887078509529472,0.336453615843623
JUNCTION-1430,109.69,181.96,1.61458836999178,57.6181206635803
JUNCTION-1431,113.65,185.67,0.0125878616742289,0.00873672469135801
JUNCTION-1432,116.83,186.55,0.0027080693481568,0
JUNCTION-1433,117.27,187.48,3.26537182157571,29.9480040323046
JUNCTION-1434,115.9,193.7,3.22968120295113,28.043624836214
JUNCTION-1435,121.86,191.1,0.0135386029827283,0.166143782304527
JUNCTION-1436,120.37,190.74,0.0172767453506148,0.168430997839506
JUNCTION-1437,121.57,193.16,0.00714591290380143,0.207452746090536
JUNCTION-1438,104.55,193.93,1.75109378314975,31.8223727563786
JUNCTION-1439,112.85,195.39,2.75415661499472,35.6058900424896
JUNCTION-144,123.37,87.96,0.0464224172687587,0.389090140329219
JUNCTION-1440,128.74,187.58,1.91076046362811,48.2923736481482
JUNCTION-1441,131.31,185.85,0.012369138774328,0.0196106407407408
JUNCTION-1442,126.18,184.26,2.75920170731212,30.0301266919753
JUNCTION-1443,128.18,174.13,2.34883913982749,46.3143286792181
JUNCTION-1444,134.08,176.1,3.60029467145258,35.9111773383745
JUNCTION-1445,135.82,179.41,2.81942693741408,34.7291867833333
JUNCTION-1446,130.27,184.53,2.53025423518934,31.3680480460905
JUNCTION-1447,130.38,180.77,0.000643057264793644,8.48925925925926e-05
JUNCTION-1449,132.48,177.04,3.5967619846965,40.1131873197531
JUNCTION-1450,131.74,179.27,2.65750320874595,33.5707221481482
JUNCTION-1451,99.47,196.36,1.52166569363942,50.5961744891976
JUNCTION-1452,100.92,201.26,2.22810503763435,48.1590791200618
JUNCTION-1453,98.1,198.66,0.00196874575572775,0
JUNCTION-1455,139.15,177.7,2.90659719633376,45.8799548481481
JUNCTION-1456,139.71,180.68,2.93240403065661,49.9039141376543
JUNCTION-1457,115.08,166.16,2.65436719782224,41.8588074741769
JUNCTION-1458,104.28,168.63,0.0159577159582564,0.0139692510288066
JUNCTION-1459,104.28,165.2,0.00529430758189621,0.000698462551440329
JUNCTION-1460,119.57,160.89,2.22928460049457,56.9622551218107
JUNCTION-1462,120,164.9,0.00601426377902452,0
JUNCTION-1463,108.61,162.77,0.0286679047899428,0.0368072810699589
JUNCTION-1464,104.28,161.13,0.65331660418544,44.4736515558642
JUNCTION-1465,96.05,159.35,0.0175973376444824,0.00592237602880659
JUNCTION-1466,101.12,159.63,0.639380460153716,34.0786510388889
JUNCTION-1467,115.26,157.3,1.41908608712155,50.670480978395
JUNCTION-1468,118.14,155.24,3.73657670289902,32.151771619856
JUNCTION-1469,122.16,147.52,4.34781732467152,46.2454976255144
JUNCTION-147,126.68,82.07,0.000460628289781312,6.07843621399177e-05
JUNCTION-1470,74.06,166.02,0.219048629525464,6.54006168364197
JUNCTION-1471,82.43,159.89,0.00858640868016353,0.0135766864197531
JUNCTION-1472,75.64,159.62,0.0114089302776493,0.00828698518518517
JUNCTION-1473,80.77,153.93,0.0552245777025661,1.22638489938272
JUNCTION-1474,74.78,143.51,2.48341738084545,34.4148180840535
JUNCTION-1475,69.84,151.19,0.0917916767924071,0.644052488168725
JUNCTION-1476,69.09,151.85,0.0942419084143972,0.638310169958849
JUNCTION-1477,66.76,153.8,0.100778461230054,0.619052419547325
JUNCTION-1478,62.73,137.98,0.836158889007613,11.3234853993827
JUNCTION-1479,80.89,123.39,3.11365445853372,31.7969769942387
JUNCTION-1480,80.61,119.58,3.42444144400207,30.7124092692387
JUNCTION-1481,78.84,105.81,3.33126125285009,48.211416316358
JUNCTION-1482,53.5,76.8,0.252835720323861,0.316102008950617
JUNCTION-1483,32.57,83.11,0.00840544615565894,0.00912535555555555
JUNCTION-1484,57.66,83.6,0.27117146471233,0.399012107716049
JUNCTION-1485,113.96,108.27,0.0136925303589139,0.0178292408436213
JUNCTION-1486,112.81,112.1,0.0268771252288564,0.00810526790123457
JUNCTION-1487,107.47,109.65,4.51002417019591,77.0069099018518
JUNCTION-1488,132.38,110.27,0.00330941089938885,0
JUNCTION-1489,134.82,112.17,4.08315986231089,25.9007166472222
JUNCTION-1490,130.42,110.23,0.0170901509286198,0.0160282510288066
JUNCTION-1492,131.86,115.44,0.00102690536903721,0
JUNCTION-1493,132.8,117.91,3.90075247803615,42.6841460244856
JUNCTION-1494,132.66,114.17,3.72834950176644,29.7737161871399
JUNCTION-1495,135.26,116.41,4.11731150833557,23.215353241358
JUNCTION-1496,125.69,119.63,3.9507554390608,20.7497483327161
JUNCTION-1497,124.25,113.81,3.42585992400893,71.134086891358
JUNCTION-1498,122.13,117.51,3.8688755736355,26.5294821150205
JUNCTION-1499,125.7,121.17,3.9916111480387,20.2200531157407
JUNCTION-150,129.02,87.98,0.0004754548276006,0
JUNCTION-1500,126.83,123.47,4.03898179755837,19.9451390830247
JUNCTION-1501,130.94,125.86,4.2096982057616,18.4828902522634
JUNCTION-1502,124.36,126.68,0.00992693828391116,0.00791633333333333
JUNCTION-1503,128.02,132.21,0.0064443233780475,0
JUNCTION-1505,130.27,126.74,0.0139364164230854,0.0153082962962963
JUNCTION-1506,118.04,121.48,5.23192959227811,24.2209046287037
JUNCTION-1507,115.84,138.39,0.0017003203601034,0.000224410699588477
JUNCTION-1508,127.18,137.06,4.29765306416683,21.5552912109053
JUNCTION-1509,119,84.5,0.00237353545173795,0
JUNCTION-1510,122.26,83.9,0.0753969288470295,0.0506444764403292
JUNCTION-1511,110.34,101.91,3.8066307836316,59.3479088883745
JUNCTION-1512,121.52,51.91,0.0152428605310766,0.0230866049382716
JUNCTION-1514,119.83,50.52,0.00154874982728115,0
JUNCTION-1516,120.78,48.33,0.00091237571852678,0.00163703703703704
JUNCTION-1517,120.58,49.33,0.000409645901369337,0
JUNCTION-1518,108.72,68.39,0.00934390965000083,0.326427777366254
JUNCTION-1519,68.49,81.58,3.27722787930344,23.7547572769548
JUNCTION-1520,105.79,90.85,5.4802579258103,30.4853771105967
JUNCTION-1522,97.48,95.96,0.0119546737831016,0.132646680555555
JUNCTION-1523,101.63,98.04,5.72455722366716,28.9128513501029
JUNCTION-1524,106.87,98.38,5.63622867580081,30.9909397876543
JUNCTION-1525,104.73,99.23,5.72934393243563,28.900954079321
JUNCTION-1526,99.9,102.17,0.00313647679728162,0
JUNCTION-1527,97.93,106.39,4.33695867165704,62.8566061299382
JUNCTION-1528,93.12,141.8,0.00335704547884939,0
JUNCTION-1529,99.53,141.64,0.0175743131057235,0.0116682781893004
JUNCTION-1530,103.16,144.49,1.21423556453557,35.5587983674897
JUNCTION-1531,103.99,145.59,1.23851347545685,36.2927249244856
JUNCTION-1532,100.64,140.78,1.16845806826156,34.4026724098766
JUNCTION-1533,84.78,145.7,0.052261785183925,1.61041898312757
JUNCTION-1534,86.42,199.03,0.00341304114357837,0
JUNCTION-154,128.73,92.32,0.0560364729478942,0.702978526131692
JUNCTION-1541,93.8,197.09,1.75031048447217,23.8299917481481
JUNCTION-1544,90.4,194.83,0.000408445621691251,0
JUNCTION-1546,89.15,196.17,1.67993662621508,24.0409323244856
JUNCTION-1549,87.91,193.78,1.81739820874379,20.4107562001029
JUNCTION-1550,85.91,194.67,1.81227434016621,20.590730436214
JUNCTION-1555,86.14,193.47,1.62821897582677,21.236210068107
JUNCTION-1557,86.39,189.82,1.70284042168122,20.7587803812757
JUNCTION-1558,86.51,189.82,0.000545750888084085,0
JUNCTION-1563,88.87,191.41,0.00139398864379796,0
JUNCTION-1564,88.68,189.11,0.00272730463578359,0
JUNCTION-1568,92.78,191.1,1.61159881051535,32.309595421605
JUNCTION-1572,93.64,193.56,0.000556725427504379,0
JUNCTION-1573,96.02,191.05,0.00374588455771866,0
JUNCTION-1574,91.14,198.33,1.68780896248433,25.0887443770576
JUNCTION-1575,92.99,185.66,1.85756224263642,31.628927194856
JUNCTION-1576,86.15,193.83,1.71844200454935,21.4850979807613
JUNCTION-1577,68.42,121.94,1.93737058334136,30.3047819154321
JUNCTION-1578,109.7,142.92,3.551550875762,35.2675120219136
JUNCTION-1579,108.56,123.18,4.60189452023193,35.0449394687243
JUNCTION-1580,123.91,173.2,2.99589748867631,38.471127347428
JUNCTION-1581,72.22,156.35,0.0513766822032477,1.26888131975309
JUNCTION-1583,130.71,95.34,0.00141503698233375,0
JUNCTION-1584,85.41,123.49,3.48917956956194,30.8337557268518
JUNCTION-1585,84.13,122.47,3.33311390138284,32.3352281778807
JUNCTION-1586,117.96,110.13,0.000928051896228384,0
JUNCTION-1587,114.67,109.17,0.0029768015679866,0
JUNCTION-1588,124.92,180,3.15024396408704,34.65517054393
JUNCTION-1589,84.93,198.72,1.70205137178597,22.5632961561728
JUNCTION-159,129.59,94.06,0.0114823461136132,0.0243373667695473
JUNCTION-1590,70.76,86.75,3.15792016952864,22.6659647647119
JUNCTION-1598,108.22,136.13,4.17422068531381,33.1120035434156
JUNCTION-16,112.42,63.86,0.001316269839705,0
JUNCTION-160,129.88,94.34,0.00326012235312469,0.000373486419753086
JUNCTION-1600,80,18,0.0644253383417537,0
JUNCTION-1601,154.93,96.8,0.00187744800855687,0
JUNCTION-1603,153.94,97.92,0.000422218806839461,0
JUNCTION-1606,155.15,99.34,0.091879930048873,0.0607244906378601
JUNCTION-1609,154.5,101.04,0.112509993147384,0.539862373353916
JUNCTION-161,127.77,94.36,0.00104331481912677,0
JUNCTION-1611,153.04,100.63,0.0022544580914678,0
JUNCTION-1612,158.2,106.09,0.121333071119282,0.561308312860089
JUNCTION-1614,159.84,109.83,0.130346366332314,0.569344880555562
JUNCTION-1616,166.14,119.51,0.278792657626194,2.78499149670782
JUNCTION-1619,168.22,120.18,0.368553811296032,11.4233549820988
JUNCTION-1624,167.51,117.99,0.0023883845961424,0
JUNCTION-1628,168.88,116.96,0.00156864576141572,0.000207032098765432
JUNCTION-1629,161.38,102.49,0.07471268063955,0.054182295164609
JUNCTION-1630,162.09,104.42,0.0647618044064635,0.0587781822016461
JUNCTION-1632,159.84,103.89,0.0040584953834911,0
JUNCTION-1634,163.27,107.67,0.0277534448604102,0.0185242233539095
JUNCTION-1635,161.6,108.48,0.0105871455023303,0.0129720395061729
JUNCTION-1637,160.45,106.78,0.00113978292667257,0
JUNCTION-1638,164.38,107.94,0.0250923502661343,0.0150495700617284
JUNCTION-164,117.86,94.51,2.51734238130235,55.1589424259259
JUNCTION-1640,168.65,110.49,0.0156731669105634,0.0166371611111111
JUNCTION-1641,171.04,112.81,0.00762886621250456,0.00941154814814815
JUNCTION-1643,172.85,113.83,0.00232501264007144,0
JUNCTION-1645,174.28,123.25,0.549497611310074,15.5710304480453
JUNCTION-1646,176.92,125.01,0.574273439805861,16.6409119269547
JUNCTION-1649,180.2,123.84,0.594286458419393,15.7902032890946
JUNCTION-1651,180.59,121.21,0.0115117721445669,0.0158306839506173
JUNCTION-1656,177.75,126.36,0.599301505601822,17.204710122428
JUNCTION-1657,177.82,127.85,0.602102388260298,16.5942305394033
JUNCTION-1659,181.83,126.29,0.600945897218003,16.5643769803498
JUNCTION-1662,178.87,128.62,0.613272203122106,16.521363458642
JUNCTION-1663,182.16,131.06,0.62109998998564,15.5181548123457
JUNCTION-1670,174.44,131.31,0.00197240381284061,0
JUNCTION-1673,172.05,132.15,0.987350695781799,20.5057590880658
JUNCTION-1674,182.05,125.36,0.550759642043576,17.2579690972222
JUNCTION-1675,183.11,125.19,0.574910977003467,16.1954509804527
JUNCTION-1677,185.44,127.67,0.618776505020865,14.7465101256173
JUNCTION-1680,187.48,127.94,0.0766514370108225,0.111919127469136
JUNCTION-1681,189.73,128.07,0.0489703729640681,0.196360346399177
JUNCTION-1682,189.89,127.47,0.0487465410477002,0.201886588374485
JUNCTION-1684,194.42,130.87,0.00948202313398726,0.0692424917695475
JUNCTION-1685,191.75,132.01,0.022192791003297,0.19763711234568
JUNCTION-1687,190.63,127.93,0.0325768408291436,0.253924170061729
JUNCTION-1689,187.5,131.24,0.112006784957804,6.92214371316871
JUNCTION-169,114.61,93.2,2.19779308002159,67.7083847064815
JUNCTION-1692,190.11,132.36,0.117869251248066,7.42888975185185
JUNCTION-1695,188.32,137.34,0.154866996632669,6.78229038384773
JUNCTION-1698,186.42,140.32,0.288310999901167,17.1011685527778
JUNCTION-170,112.54,96.46,2.08077146084076,67.5316938904322
JUNCTION-1700,184.89,141.89,0.727157405221905,23.9563231062757
JUNCTION-1701,184.66,138.66,0.219673279094471,13.9241473143004
JUNCTION-1706,187.08,135.81,0.142016289809431,7.51608117088477
JUNCTION-1708,185.03,133.44,0.117460532444911,10.4501592280864
JUNCTION-171,110.3,95.6,1.93459494145935,84.3277015131687
JUNCTION-1710,186.44,132.33,0.112088062004402,10.3242609416666
JUNCTION-1712,184.99,129.74,0.00184024969028768,0
JUNCTION-1713,182.53,135.55,0.967028714050681,39.9843909760288
JUNCTION-1715,184.28,141.29,0.906216524745791,28.0858763867284
JUNCTION-1717,181.2,137.08,1.09281983734397,40.6876596311728
JUNCTION-1718,181.93,144.95,0.751159888778078,40.0690154936214
JUNCTION-1720,179.5,146.04,0.937401626545474,58.1391716235597
JUNCTION-1721,178.89,145.74,1.33622045430312,55.9669238848765
JUNCTION-1723,178.02,145.32,1.65991568622837,50.8568104162552
JUNCTION-1726,179.55,142.88,0.00321359184955738,0
JUNCTION-1728,181.68,138.79,0.927894266218623,28.16788633107
JUNCTION-173,110.04,98.41,1.83298973091111,77.0814537606995
JUNCTION-1730,179.23,141.46,0.842523219855311,30.7427285332304
JUNCTION-1734,180.3,134.3,0.992698952568587,32.5413985512346
JUNCTION-1735,178.91,137.63,1.05649452681122,28.2437736306585
JUNCTION-1738,178.28,140.66,0.983551971080108,27.8453082153292
JUNCTION-1740,177.14,141.82,1.4036271547889,50.6622676349794
JUNCTION-1741,175.17,139.57,1.09850171992967,49.3184774901235
JUNCTION-1742,174.69,140.06,0.000742633063349121,0
JUNCTION-1750,173.02,137.52,1.04973484990289,23.4768716967078
JUNCTION-1751,175.45,134.96,1.05230896062649,26.2311170939301
JUNCTION-1752,170.58,130.95,0.985164336732728,19.9611863591564
JUNCTION-1755,169.26,134.36,0.773397572040852,26.4592268981481
JUNCTION-1757,168.25,129.37,0.943703480214508,19.8429648920782
JUNCTION-1758,166.02,127.85,0.909204781807651,19.213019861214
JUNCTION-1759,166.92,127.33,0.949683588200983,18.88092761893
JUNCTION-1760,172.55,128.97,0.727869709345126,21.2636539028806
JUNCTION-1762,172.18,126.4,0.756994294841701,20.869907005144
JUNCTION-1766,165.67,125,0.573471042096893,20.2931210889918
JUNCTION-1768,167.06,123.61,0.390295699658299,12.2434363955761
JUNCTION-1770,169.28,121.27,0.393772747234183,12.7944644935185
JUNCTION-1772,177.18,133.35,0.600490278129248,17.1691359599794
JUNCTION-1773,180.08,132.4,0.56278844731039,17.7492618672839
JUNCTION-1775,175.16,146.32,2.81981876548854,23.192196413786
JUNCTION-1776,175.08,144.06,2.73034527086877,24.0885227846708
JUNCTION-1777,173.43,143.29,2.74367753502737,26.9233143514403
JUNCTION-178,117,96.89,0.0018776485557918,0
JUNCTION-1780,173.63,141.64,0.000793209732253811,0
JUNCTION-1783,172.45,145.17,2.69149981572819,28.7153522980453
JUNCTION-1784,171.02,142.15,2.74102849067767,28.2456232668724
JUNCTION-1785,169.98,144.32,2.64980591017961,27.6696965991769
JUNCTION-1788,173.75,149.34,2.93951672461723,23.3548989155349
JUNCTION-1792,152.25,149.84,3.03234838698919,21.9261021802469
JUNCTION-1794,153.19,151.15,2.81515369371128,28.1527301246913
JUNCTION-18,110.82,66.43,0.0141677702083846,0.389500030864197
JUNCTION-180,119.09,95.01,2.46062510255426,45.681029740535
JUNCTION-1803,165.76,131.94,0.000766588285202748,0
JUNCTION-1806,161.36,123.95,0.728143445347181,20.2727714402264
JUNCTION-1808,158.69,119.58,0.353476590507094,9.88411696471191
JUNCTION-181,117.43,100.43,2.99160568456107,57.9193266526748
JUNCTION-1812,160.5,116.09,0.204897720472163,4.96233730730453
JUNCTION-1814,161.13,113.86,0.177333974272352,3.48790734351852
JUNCTION-1815,158.35,113.41,0.141588842395216,4.26273898384773
JUNCTION-1816,154.17,108.08,0.126030484817392,1.35477715329218
JUNCTION-1818,150.56,108.03,0.115568783618642,1.43937407890947
JUNCTION-1819,149.91,108.66,0.00392115917049634,0
JUNCTION-1821,153.25,102.13,0.104945408954983,1.43242243724279
JUNCTION-1826,152.74,109.68,0.00105155743860417,0
JUNCTION-1828,148.05,111.6,0.210502675336751,6.25374871656378
JUNCTION-1829,153.41,113.57,0.131235440246979,5.78363615144033
JUNCTION-183,125.34,98.54,1.91961507087106,68.2639577284979
JUNCTION-1831,156.26,115.46,0.131195854442867,5.83444858847737
JUNCTION-1834,156.39,117.22,0.0043127577643893,0.00215365514403292
JUNCTION-1835,156.2,117.47,0.00148332014487615,0.00019578683127572
JUNCTION-1838,150.74,114.37,0.202360560525478,8.35815290401236
JUNCTION-184,124.6,100.67,2.04394190512265,71.6035502975309
JUNCTION-1842,160.26,119.43,0.00630954236982919,0
JUNCTION-1847,161.59,123.21,0.00178675539562841,0.000235818518518519
JUNCTION-1850,159,124.38,0.69834924885558,17.2585529908436
JUNCTION-1851,150.67,124.42,0.68649307158331,17.2800870505144
JUNCTION-1852,146.88,124.44,0.857337152778516,14.6877976039095
JUNCTION-1855,151.63,133.65,2.00651390396587,26.6679551307613
JUNCTION-1856,156.04,135.25,1.98254263013101,33.4842220933128
JUNCTION-1858,160.76,137.05,2.25653274081553,30.5233932915638
JUNCTION-1861,159.52,131.43,0.79704788063734,19.194112774177
JUNCTION-1862,160.52,130.31,0.752152618912378,19.4351612574074
JUNCTION-1863,159.34,129.67,0.00378764539788858,0
JUNCTION-1866,141.77,113.01,0.214892617007101,4.35377670792181
JUNCTION-1867,144.13,113.94,0.191371599252757,5.05558361738683
JUNCTION-1869,148.8,115.17,0.00221889492840869,0
JUNCTION-1870,147.86,115.96,0.00152680550088103,0
JUNCTION-1871,147.52,111.09,0.178094782853888,5.5725885957819
JUNCTION-1872,144.79,106.77,0.0960596181821867,5.82446040473251
JUNCTION-1873,145.26,106.37,0.00267709994333955,0
JUNCTION-1876,143.48,117.23,0.00316712739944186,0
JUNCTION-1878,145.93,126.79,0.871206860398889,14.7061405805556
JUNCTION-1879,145.94,127.96,0.856969778927928,15.1745933941358
JUNCTION-188,129.8,103.8,4.04699272037373,90.5742632391975
JUNCTION-1880,139.89,129.2,1.50060557459201,28.3957645451646
JUNCTION-1881,143.82,125.57,0.544637526218865,16.6379836640946
JUNCTION-1882,143.82,126.13,0.00242071402423346,0
JUNCTION-1883,140.65,122.03,0.826221786148143,12.6159471547325
JUNCTION-1884,142.72,119.69,0.765078972053954,13.773229873251
JUNCTION-1886,146.83,131.85,2.06332115343741,29.0627037926955
JUNCTION-1888,147.42,136.95,2.04363349476832,28.7167699885802
JUNCTION-1889,161.06,136.69,0.00718348273746577,0.00973940000000001
JUNCTION-189,119.76,100.59,0.000360589695427109,0
JUNCTION-1890,163.23,134.47,0.00335564156112911,0
JUNCTION-1891,138.64,111.16,0.00208832802157362,0
JUNCTION-1894,139.19,123.2,0.858019122734554,12.5444026306585
JUNCTION-1895,137.29,130.71,1.35807760344972,19.2718397121399
JUNCTION-1896,136.34,127.87,0.000662345288789944,0
JUNCTION-1898,135.28,135.95,1.36211502813622,18.8524880097737
JUNCTION-1899,133.89,139.61,3.39714603456976,16.9046514796296
JUNCTION-1900,133.25,142.32,3.40163307404152,16.4655863494856
JUNCTION-1902,130.53,143.97,4.2736479924483,18.6477421873457
JUNCTION-1905,133.56,146.92,0.0316621485794522,0.038180071090535
JUNCTION-1907,136.01,148.79,0.0242967625655686,0.0251599141975309
JUNCTION-1909,139.61,149.32,0.0164461266502607,0.021442303909465
JUNCTION-1910,138.58,151.94,0.00205040664447672,0
JUNCTION-1911,139.58,152.4,0.00396630865998815,0
JUNCTION-1913,139.42,141.8,1.86111425293188,46.254160043107
JUNCTION-1915,137.93,145.48,0.00689579934205982,0.00634548271604939
JUNCTION-1916,135.87,145.27,0.00228851437924955,0.000302165843621399
JUNCTION-1917,137.27,140.99,1.79007050150001,45.0674126526749
JUNCTION-1918,135,140.15,1.77050930738698,44.3386387662552
JUNCTION-192,115.66,100.26,3.99653952903731,68.8510628371399
JUNCTION-1921,136.88,135.14,0.00579929096590304,0
JUNCTION-1923,135.08,144.76,0.00190144748420536,0
JUNCTION-1925,125.94,143.42,0.00484463004236225,0.000887706995884774
JUNCTION-1926,125.69,142.71,0.00084109625296363,0
JUNCTION-193,111.33,99.88,3.98312809235188,65.3525606801441
JUNCTION-1930,144.15,156.05,2.24861629086798,43.2893565219135
JUNCTION-1932,147.16,151.98,2.26608018916172,39.6738457935185
JUNCTION-1933,148.24,165.68,3.81762999466294,35.6421122901234
JUNCTION-1936,148.29,143.86,2.02630916503163,27.3907175665638
JUNCTION-1938,146.39,141.58,0.0111381764660359,0.0193286919753086
JUNCTION-1940,143.82,139.24,0.00222452692357101,0.000293693004115226
JUNCTION-1941,152.42,138.81,1.91761261339252,28.2899588461934
JUNCTION-1942,152.76,141.72,1.87855834615036,27.2633603709877
JUNCTION-1943,152.97,143.39,0.00181222661979794,0
JUNCTION-1944,150.07,143.63,1.85327080103308,25.9273307088477
JUNCTION-1945,148.35,145.38,3.33704171379067,20.3700730841564
JUNCTION-1946,145.66,144.21,1.24894721060913,35.860726791358
JUNCTION-1948,143.83,148.85,1.4084921654184,36.523163701749
JUNCTION-1949,141.78,147.6,0.00268617361033633,0
JUNCTION-1951,150.22,151.4,2.34408582018828,41.3213725144034
JUNCTION-1952,148.85,153.48,2.38847054865,36.9451817656379
JUNCTION-1955,146.3,155.9,1.89150666405015,41.5488746152263
JUNCTION-1956,144.37,158.48,0.00360923411120087,0
JUNCTION-1958,145.35,159.21,0.00380344522509132,0
JUNCTION-1960,148.42,157.39,0.000624539200628546,8.24275720164609e-05
JUNCTION-1962,150.11,154.65,2.41349394062906,33.1700411287037
JUNCTION-1964,158.66,141.37,0.0109802759830104,0.0064503329218107
JUNCTION-1965,156.73,140.45,0.00231412059898018,0
JUNCTION-1966,159.74,142.2,0.00156142666663663,0
JUNCTION-1967,162.51,137.88,2.43076856311739,28.4943015115226
JUNCTION-1969,166.62,140.07,2.55005224893454,26.161795487963
JUNCTION-1971,165.05,142.25,2.36411024812308,30.1209581459877
JUNCTION-1973,162.48,144.89,2.07745382234222,27.6892372202675
JUNCTION-1974,164.65,147.01,2.68406870231373,23.5405279211934
JUNCTION-1975,165.88,144.94,2.68525412034438,23.2251712680041
JUNCTION-1979,166.33,149.17,0.000605494145987022,0
JUNCTION-1986,153.67,157.71,0.000293049822334322,0
JUNCTION-1988,155.94,155.09,2.47499932995598,32.3022120252057
JUNCTION-1990,154.76,152.96,0.0493048087043669,0.0374063425925926
JUNCTION-1991,153.53,151.22,0.0441821720162907,0.0413973679012345
JUNCTION-1993,155.25,149.58,0.0382057477691669,0.0331023621399177
JUNCTION-1994,156.74,151.08,0.0227806254393933,0.034156541255144
JUNCTION-1996,159.55,147.54,0.0144284497615511,0.00906633333333333
JUNCTION-1997,157.25,146.17,0.0188754285105993,0.0685402212962964
JUNCTION-1999,162.29,148.44,0.0038169627396266,0
JUNCTION-20,105.69,68.27,0.0018886146581019,0
JUNCTION-200,100.09,103.35,4.5018213085724,37.8832597342593
JUNCTION-2000,167.89,140.67,2.65272937987264,24.0269408547325
JUNCTION-2001,169.42,141.39,2.62109328366072,25.8449122179013
JUNCTION-2004,169.73,135.18,0.000992352630256433,0
JUNCTION-2005,168.32,143.6,0.00266992475482268,0
JUNCTION-2007,143.29,143.16,1.91708813676967,51.5624931858025
JUNCTION-2009,145.07,131.18,1.94220547174178,36.5517944360082
JUNCTION-201,99.27,103.63,6.17150141748389,37.6231662625514
JUNCTION-2010,151.33,130.87,0.816532870483136,15.1498604898148
JUNCTION-2012,136.67,159.34,2.22918784186172,43.7224739769548
JUNCTION-2013,132.42,152.17,2.1992601576933,43.6441400753087
JUNCTION-2015,146.32,164.95,2.76693804914912,27.9021306721193
JUNCTION-2016,145.15,119.68,0.75055646770458,14.5370587910494
JUNCTION-2017,150.3,119.55,0.655203186003048,16.001512846502
JUNCTION-2018,152.75,119.54,0.652365423500629,16.0887645199588
JUNCTION-2019,158.95,115.09,0.170891159867046,5.82974319763374
JUNCTION-202,93.75,93.61,6.14272744615463,36.6227139189301
JUNCTION-2020,164.41,118.89,0.19077758849991,5.16647154465021
JUNCTION-2021,169.65,111.46,0.0113819521251609,0.0128708666666667
JUNCTION-2022,150.52,106.23,0.106253953487812,1.51589150432099
JUNCTION-2023,143.05,108.12,0.103539724371167,5.62665725298353
JUNCTION-2024,178.82,119.06,0.00188153243499586,0
JUNCTION-2025,176.27,135.76,1.06043396056614,29.8785488784979
JUNCTION-2026,163.78,130.12,0.785468132962906,27.4522208115226
JUNCTION-2027,165.34,143.97,0.00111468413412119,0
JUNCTION-2028,152.55,159.23,2.97583495972797,20.4392112373457
JUNCTION-2035,144.87,168.42,1.42659242000571,1.94600815082304
JUNCTION-2036,144.17,169.14,1.42142432695847,2.02542985627572
JUNCTION-2038,144.3,171.82,1.36990017391113,2.08414695298354
JUNCTION-2039,145.85,176.3,1.38179173246434,2.06335067983539
JUNCTION-204,102.62,114.42,0.00256504102350252,0
JUNCTION-2041,145.66,176.75,1.40811953817374,2.45557234722222
JUNCTION-2042,147.02,181.48,1.40618323002507,2.51619178621399
JUNCTION-2043,146.05,182.49,0.843740667304047,6.6257140366255
JUNCTION-2044,149.09,185.88,1.40784659876973,3.49093952685185
JUNCTION-2045,155.63,187.27,1.37674381093747,4.39408255884775
JUNCTION-2047,153.55,188.67,1.23820571723435,7.53422065133744
JUNCTION-2049,157.73,188.43,1.30114134442114,5.24199311018518
JUNCTION-2050,140.87,183.33,0.77143919443528,7.21388738930041
JUNCTION-2052,146.54,186.23,0.821937712132282,7.05844957438272
JUNCTION-2053,148.85,188.7,1.17230678042078,6.99225319187243
JUNCTION-2057,149.2,193.22,0.905429968572139,12.8092325895062
JUNCTION-2059,146.9,192.89,0.863795284415426,12.7532126514403
JUNCTION-206,99.26,103.51,6.17147962791657,37.4186063126543
JUNCTION-2064,142.17,188.25,0.931067560898384,8.26275446316872
JUNCTION-2065,143.16,186.6,0.75865822350005,7.45360897510288
JUNCTION-2067,138.28,185.55,0.70264224493958,6.72486742057613
JUNCTION-2069,134.9,188.38,0.00121892260669968,0
JUNCTION-2072,142.96,189.75,0.926268295349007,8.9468215053498
JUNCTION-2074,144.66,190.7,0.921782263967811,5.67557708888888
JUNCTION-2075,143.66,192.63,0.00146786487988322,0
JUNCTION-2076,138.74,195.95,0.85729195136883,6.64446681965021
JUNCTION-2079,135.47,195.99,0.699510927838003,6.05229122037036
JUNCTION-2083,136.11,189.41,0.719676875123041,6.65047395751029
JUNCTION-2084,132.75,191.12,0.721929191011953,6.52675769218107
JUNCTION-2087,131.96,197.01,0.00155976593681365,0
JUNCTION-2089,131.35,189.12,0.00210324562377626,0
JUNCTION-2090,130.1,194.32,0.0147648978466406,0.0163346362139918
JUNCTION-2091,128.75,195,0.00651714928343028,0
JUNCTION-2092,132.07,197.74,0.520972782810478,7.21741688539095
JUNCTION-2094,126.74,202.6,0.34190155222281,6.62479303580246
JUNCTION-2096,121.12,201.47,0.180875081602876,7.98563828004116
JUNCTION-2097,123.41,205.03,0.333200483093233,3.71674697695473
JUNCTION-2099,119.3,207.09,0.223194960260435,0.495172878909464
JUNCTION-21,100.82,72.27,0.00607260121484031,0.000801404526748971
JUNCTION-210,98.49,102.7,0.00074047918781328,0
JUNCTION-2101,117.07,202.24,0.134999729047695,1.08643855236626
JUNCTION-2103,114.44,199.56,0.0243916109858756,1.04850864043211
JUNCTION-2104,112.95,197.43,0.00281484525279207,0
JUNCTION-2106,137.11,202.02,0.788261576653344,5.18592895545268
JUNCTION-2107,139.95,199.63,0.929687610797922,5.40110156687243
JUNCTION-211,96.56,110.27,4.44709037891571,63.9934443268518
JUNCTION-2110,135.24,204.01,0.479444965710568,10.7571974680041
JUNCTION-2113,127.48,206.68,0.640093941769455,7.13356258868313
JUNCTION-2115,131.76,208.2,0.472829919924055,9.88277891286008
JUNCTION-2119,137.85,207.62,0.369485139387428,10.8330450335391
JUNCTION-2121,134.29,207.26,0.00133056150963759,0.000175623868312757
JUNCTION-2123,127.92,209.13,0.162521798128962,9.113544506893
JUNCTION-2124,132.28,213.68,0.439257193094569,5.69877052386832
JUNCTION-2125,135.31,212.88,0.00237828286931113,0
JUNCTION-2126,163.23,203.98,0.45429826691433,3.97117302078189
JUNCTION-2128,131,220.07,0.178174156957957,8.10495764547326
JUNCTION-2132,130.18,215.9,0.185168989628953,7.15724189711934
JUNCTION-2134,128.77,215.35,0.0134307404018931,1.92156292654321
JUNCTION-2136,164.46,204.26,0.469571143546674,4.44214413611111
JUNCTION-2139,162.09,214.22,0.00161822634555901,0
JUNCTION-214,99.12,112.77,4.65529543477215,55.6465802455761
JUNCTION-2140,164.46,206.42,0.402670421137145,3.91876655792181
JUNCTION-2143,161.58,219.24,0.00174356104787553,0
JUNCTION-2144,161.58,222.88,0.401075636631134,4.47851008724279
JUNCTION-2147,165.04,212.64,0.385883760411009,5.13110306553498
JUNCTION-215,100.16,111.96,5.61775790237027,36.0773384114198
JUNCTION-2150,165.07,215.43,0.00107521791975989,0
JUNCTION-2153,161.16,216.23,0.00552518515914747,0
JUNCTION-2154,161.27,208.53,0.337180932647407,3.90162258220164
JUNCTION-2157,158.75,213.99,0.00878707437843416,0
JUNCTION-2159,155.3,199.49,0.0907495975605448,6.04022702942388
JUNCTION-216,98.33,115.52,4.70707772033754,45.2828166021605
JUNCTION-2162,161.4,206.82,0.343327512242218,4.03081735576132
JUNCTION-2164,143.24,211.6,0.144127762816724,7.00725440524692
JUNCTION-2167,162.6,203.56,0.000811812087637059,0
JUNCTION-2170,147.38,225.85,0.00114225962833462,0.000150781893004115
JUNCTION-2171,126.27,216.83,0.136400443437061,4.78503229187243
JUNCTION-2176,119.72,211.24,0.0204132862778455,0.954413188683126
JUNCTION-2177,121.22,213.62,0.00711441510206592,0.563201987448561
JUNCTION-218,101.89,116.04,0.000419244924179745,5.53279835390947e-05
JUNCTION-2180,125.24,211.25,0.144592689995555,7.71002677016461
JUNCTION-2182,122.74,209.9,0.137380360388758,9.27787216923869
JUNCTION-2189,124.97,206.19,0.00136503766610972,0
JUNCTION-2192,108.45,202.82,0.00512860758828051,1.35216395668724
JUNCTION-2194,117.34,203.9,0.0896502949450451,1.48147723878601
JUNCTION-2196,111.84,207.67,0.089702908220409,1.77929337088477
JUNCTION-22,101.95,65.03,6.38761448368453,31.0435615762346
JUNCTION-2200,117.21,209.94,0.0017105798562974,0
JUNCTION-2203,110.56,210.97,0.00842312002860353,0
JUNCTION-2206,107.06,209.86,0.0077323063213162,0
JUNCTION-2208,101.12,205.92,0.0257517635355189,0.0394827393004115
JUNCTION-2210,95.38,206.49,0.00210345676498243,0
JUNCTION-2211,95.14,207.87,0.00185252603083383,0
JUNCTION-2213,97.94,206.61,0.00347690999989811,0
JUNCTION-2218,105.04,206.49,0.00800492166755488,0.48080560534979
JUNCTION-2222,108.83,205.11,0.0247568092773079,0.419275195061729
JUNCTION-2223,140.45,199.46,0.941014749498689,6.20182751141975
JUNCTION-2224,157.97,187.76,0.95930322489263,5.16502289660494
JUNCTION-2225,157.6,188.06,0.961725542059435,5.09352491316872
JUNCTION-2226,139.87,200.37,0.822096411174739,7.01099584166667
JUNCTION-2227,147.66,201.52,0.583336240372521,7.44415479516461
JUNCTION-2230,163.96,195.57,0.962878243188216,5.00458669722222
JUNCTION-2233,173.21,203.88,0.0102288215505652,0.0178669065843621
JUNCTION-2235,175.93,207.94,0.828020874295147,5.36952517613168
JUNCTION-2237,178.84,211.16,0.262274469919362,1.06792049948559
JUNCTION-2238,163.63,202.45,0.690385724768501,7.79852220627572
JUNCTION-2240,157.52,198.2,0.758736490586398,7.01786351574073
JUNCTION-2242,156.25,196.19,0.654645946260577,10.8236712269547
JUNCTION-2244,144.21,202.01,0.585555719150073,7.30156691358024
JUNCTION-2245,153.39,192.53,0.562963531870628,8.04810053837448
JUNCTION-2246,153.93,192.43,0.548653879729005,8.10517705072016
JUNCTION-2247,150.97,201.2,0.510595342163767,4.50739079032921
JUNCTION-2249,159.99,204.68,0.716608150623592,5.22734660730453
JUNCTION-225,107.7,107.7,4.32298960880938,73.8889730546296
JUNCTION-2250,156.66,202.81,0.714442680394858,5.13143042561728
JUNCTION-2251,159.43,201.82,0.701403097850658,6.35375630761318
JUNCTION-2252,154.4,198.89,0.416967442308029,17.326258377572
JUNCTION-2255,165.96,210.33,0.740057848667598,5.73551415072016
JUNCTION-2258,185.01,198.88,0.254336551912025,1.07937601790123
JUNCTION-2260,165.75,212.83,0.721448547638354,5.79211144742799
JUNCTION-2267,175.66,220.2,0.0171029362504178,0.0255252925925926
JUNCTION-2269,176.16,220.06,0.00135153433800222,0
JUNCTION-227,109.08,104.16,4.32217136593668,28.7861019449588
JUNCTION-2271,176.22,221.83,0.00139368037115382,0
JUNCTION-2273,177.45,224.8,0.0010261745121692,0
JUNCTION-2277,162.29,205.79,0.647752249255233,6.2188135914609
JUNCTION-2278,162.03,209.34,0.504884692566664,4.4308242239712
JUNCTION-2280,162.68,203.63,0.353660258757507,7.36088662572016
JUNCTION-2284,168.84,228.34,0.49753274132606,3.9847076090535
JUNCTION-2289,170.64,224.22,0.453053448251382,5.2445581617284
JUNCTION-2292,170.5,221.31,0.00151074981863931,0
JUNCTION-2294,175.43,224.77,0.00234592137650264,0
JUNCTION-2295,172.58,216.13,0.510332279264714,4.29528255504115
JUNCTION-2298,164.78,214.71,0.490968478844319,4.43617339135802
JUNCTION-2299,165.94,215.17,0.00297593081413782,0
JUNCTION-230,116.23,111.9,0.00657018603374774,0.00117768765432099
JUNCTION-2300,112.37,203.25,0.0464759170499026,1.7538714957819
JUNCTION-2301,125.09,212.53,0.129144480736471,5.6908040255144
JUNCTION-2302,133.39,203.02,0.702067677251845,5.44826845123456
JUNCTION-2303,164.64,212.25,0.361311367387797,5.85931915596709
JUNCTION-2304,143.95,204.32,0.353944541982224,10.0804833804527
JUNCTION-2305,164.77,218.49,0.456544985327103,4.94801805679013
JUNCTION-2306,150.47,199.19,0.50282898214402,4.81388403240741
JUNCTION-2307,169.08,213.3,0.690385046832236,6.04234692685184
JUNCTION-2308,171.54,221.33,0.0145123775098301,0.0212805329218107
JUNCTION-2309,176.99,211.06,0.255990805458235,1.06335596872428
JUNCTION-2310,121.17,197.35,0.175350207128426,7.5738071659465
JUNCTION-2312,175.04,204.07,0.00147221324605828,0
JUNCTION-2313,138.78,197.58,0.824698934496854,8.44099927592593
JUNCTION-2314,138.29,189.33,0.719233949640816,6.57881752438271
JUNCTION-2315,150.01,186.66,1.38179258387329,4.27907916213993
JUNCTION-2322,47.27,131.63,0.00137854049975999,0.000181926748971193
JUNCTION-2323,51.34,134.96,0.330825836749091,1.29605137757202
JUNCTION-2324,50.2,134.5,0.323410202063553,1.21848047314815
JUNCTION-2325,52.13,135.56,0.333349305565487,1.39387407757202
JUNCTION-2326,54,138.28,0.344627299066678,1.16237181152264
JUNCTION-2327,53.53,138.37,0.00190772200331119,0
JUNCTION-2328,54.34,138.36,0.344844346179119,1.12294107572017
JUNCTION-233,117.39,106.33,0.000683669980121907,0
JUNCTION-2333,55.61,140.81,0.0022270187548541,0
JUNCTION-2334,57.91,144.04,0.357205467672585,1.1124856276749
JUNCTION-2335,57.6,144.36,0.34490723110309,1.40958313374486
JUNCTION-2336,57.91,144.2,0.362521134588774,0.936596812551448
JUNCTION-2337,58.08,144.55,0.364538495158541,0.925527770884776
JUNCTION-2339,57.61,151.12,0.382642516155892,0.918481367798354
JUNCTION-234,116.52,105.72,0.00105665222510639,0
JUNCTION-2340,58.77,150.31,0.382523082550414,0.910736713374485
JUNCTION-2343,61.12,149.38,0.00199369726038255,0
JUNCTION-2345,57.33,151.92,0.00320052713944523,0.00574739753086419
JUNCTION-2347,54.51,135.14,0.00167175916370324,0
JUNCTION-2348,53.18,134.2,0.310145568003065,1.88245430668724
JUNCTION-235,115.75,102.62,0.00266593334182756,0
JUNCTION-2350,53.96,133.5,0.0081201328370263,0
JUNCTION-2352,30.15,72.51,0.0395238614631824,0.0432036641975309
JUNCTION-2354,26.43,73.16,0.0297722405367859,0.0413030773662552
JUNCTION-2356,26.58,68.48,0.00209470913127714,0
JUNCTION-2359,22.7,71.99,0.00636140160457373,0
JUNCTION-236,118.7,107.13,2.05584972520431,52.3806397337449
JUNCTION-2360,30.74,74.79,0.062882344195224,0.0899838193415637
JUNCTION-2363,27.9,77.35,0.0025206203680991,0.000332702469135802
JUNCTION-2364,24.99,77.4,0.00439226300937198,0.000579697119341564
JUNCTION-2367,30.71,83.6,0.0974203657076743,0.172516472736626
JUNCTION-237,120.69,106.65,2.47511172311216,51.4633972611111
JUNCTION-2377,33.9,89.43,0.000653129218620432,0
JUNCTION-2380,34.25,90.63,0.0022565278337549,0
JUNCTION-2385,29.94,90.73,0.0326803710713455,4.11077222777778
JUNCTION-2390,26.17,91.33,0.0323013573634286,2.47877396841564
JUNCTION-2395,23.69,85.77,0.00187832503700392,0
JUNCTION-2399,27.79,87.81,0.0116383560343553,2.42072825390946
JUNCTION-24,99.26,78.26,7.63526551395989,25.1093414009259
JUNCTION-2402,26.37,82.95,0.000555399902705251,0
JUNCTION-2403,25.61,85.02,0.00251518889885224,0
JUNCTION-2404,32.55,85.8,0.122844807655416,4.01470687355966
JUNCTION-2413,38.36,85.86,0.142827333814505,4.95890292479424
JUNCTION-2415,39.7,81.74,0.00486212236023897,0
JUNCTION-2419,41.97,85.83,0.231976193084761,7.79513323384773
JUNCTION-242,124.01,106.41,2.60308769141013,45.6560162523662
JUNCTION-2420,41.99,82.24,0.00389033181207191,0
JUNCTION-2423,45.3,84.32,0.002303092276739,0
JUNCTION-2425,48.44,88.65,0.353857709483086,5.29545688312757
JUNCTION-2428,48.75,91.31,0.352375420904581,7.00969995298354
JUNCTION-2429,49.59,95.51,0.475786093992551,1.97208825462963
JUNCTION-2435,35.9,95.74,0.231387875536004,5.42171546748971
JUNCTION-2439,34.39,93.15,0.205134062036738,4.12393003004115
JUNCTION-2441,33.86,95.04,0.00162987196389282,0
JUNCTION-2456,40.51,93.86,0.000480350247914313,0
JUNCTION-2462,39.23,94.15,0.000910435691767891,0
JUNCTION-2463,48.12,86.37,0.349211657717356,6.57801955236625
JUNCTION-2464,52.79,90.33,0.383635483948559,4.98408265730453
JUNCTION-2467,51.3,90.7,0.00278713010484504,0
JUNCTION-247,127.78,106.82,0.00242348935341261,0
JUNCTION-2470,53.25,92.91,0.378447401386464,5.89688436820987
JUNCTION-2473,52,94.98,0.442921361645617,3.42331365082305
JUNCTION-2479,52.22,88.07,0.383100075241093,5.4615879729424
JUNCTION-248,126.58,108.89,3.13656863805387,52.8014963619342
JUNCTION-2484,54.16,84.63,0.271909082878829,5.29298099948559
JUNCTION-2487,57.67,93.38,0.333145176272173,6.62645909187241
JUNCTION-249,124.69,110.1,2.76913077718791,67.5222536229424
JUNCTION-2490,60.13,93.26,0.0002122278549189,0
JUNCTION-2492,44.18,94.38,0.300907596377166,6.41102339670782
JUNCTION-2493,42.08,89.75,0.283891392939839,6.8904436473251
JUNCTION-25,101.6,63.71,6.37518649768121,38.4264953567901
JUNCTION-2500,38.08,91.31,0.202479922302693,7.40378290987654
JUNCTION-2503,59.82,96.67,0.00162656948909323,0
JUNCTION-2504,54.71,97.76,0.328762829212157,6.55736168014402
JUNCTION-2511,48.42,99.41,0.543302034046633,1.5325446904321
JUNCTION-2512,47.33,109.49,0.561343697300895,1.47879392479424
JUNCTION-2516,54.89,116.26,0.581661929603496,1.31088774773662
JUNCTION-2518,54.61,119.15,0.600285474643546,1.36013975390946
JUNCTION-2519,50.21,119.9,0.600507345946139,1.43713876234568
JUNCTION-252,128.88,107.89,0.00309468281820177,0.000408406995884774
JUNCTION-2521,47.92,122.63,0.00171851845649046,0
JUNCTION-2525,55.67,120.22,0.0022754802186324,0
JUNCTION-2526,56.44,120.14,0.00189913088548739,0
JUNCTION-2530,54.53,101.28,0.00184178246921692,0
JUNCTION-2531,56.74,112.28,0.574308168803559,1.32353974372428
JUNCTION-2535,149.41,166.34,0.000355422854046626,0
JUNCTION-2537,150.65,164.01,0.000257350685330954,0
JUNCTION-2538,154.84,156.99,0.935052475900816,29.638411248251
JUNCTION-2540,154.67,163.56,0.00770191782747364,0
JUNCTION-2541,156.3,155.47,1.00018525810209,29.0676861019547
JUNCTION-2543,173.77,149.41,1.73681378369809,20.3775825168724
JUNCTION-2544,166.01,149.81,0.961815090346429,29.0796611911522
JUNCTION-2548,166.88,154.67,0.851367886701909,31.24245546893
JUNCTION-255,133.57,106.91,0.00356329791634488,0
JUNCTION-2550,167.72,153.34,0.998474419750354,28.502659801749
JUNCTION-2551,169.94,151.03,1.1746954082669,34.046917357819
JUNCTION-2552,175.31,155.11,1.4614398847649,35.4561182788066
JUNCTION-2553,168.67,149.65,1.35174143132217,37.8575608211934
JUNCTION-2556,169.91,156.47,1.00009506977654,31.6647264684156
JUNCTION-2559,160.41,156.15,0.00289722468937755,0
JUNCTION-2561,148.17,144.25,1.33381627713371,28.1580713924897
JUNCTION-2562,159.64,165.23,1.28823479803011,24.6797228977366
JUNCTION-2563,159.01,165.52,1.2792453762638,24.0221081226337
JUNCTION-2568,165.73,166.07,1.24983508327184,29.4140030488683
JUNCTION-2569,169.12,159.94,1.31334333229316,30.2367345690329
JUNCTION-2571,173.36,167.21,1.4412993257047,32.4187782274692
JUNCTION-2572,175.72,163.56,1.51606123871343,33.1533897550412
JUNCTION-2573,175.34,160.16,1.33196283286971,31.2809917527778
JUNCTION-2575,172.01,156.34,1.24958709368953,34.160033299177
JUNCTION-2577,177.19,157.23,0.00157963113214674,0
JUNCTION-2579,182.05,159.63,1.43616837397945,36.2484687353909
JUNCTION-2582,181.23,164.61,1.61837907935814,34.3076199445473
JUNCTION-2586,184.08,161.33,1.80736519633642,37.3519791495885
JUNCTION-2589,185.24,162.92,0.00193413396077176,0
JUNCTION-2590,192.65,163.26,2.03440581018355,15.5497709415638
JUNCTION-2592,196.14,156.35,1.42609277054719,16.756656270679
JUNCTION-2595,191.61,155.12,0.942101977062691,23.8857340003086
JUNCTION-2597,190.79,156.84,0.00206637232702353,0.0002726329218107
JUNCTION-2598,188.76,156.61,0.00277945603645244,0
JUNCTION-2599,192.53,153.19,0.00231098389090764,0
JUNCTION-26,104.7,49.48,5.3772430145565,35.5409555806585
JUNCTION-2600,191.18,151.47,1.20607896718263,19.5149029199588
JUNCTION-2603,187.33,154.28,0.00111194293867415,0.000146767901234568
JUNCTION-2605,185.56,154.53,0.00216481616139822,0
JUNCTION-2609,185.49,148.79,1.3523451128071,18.089908747428
JUNCTION-261,126.24,112.92,3.37348753774942,66.1925165101852
JUNCTION-2610,183.28,147.74,1.36609956230415,16.8643798911523
JUNCTION-2613,177.55,147.33,0.00277022563190311,0
JUNCTION-2615,190.06,140.76,0.118977800081052,3.16971777592592
JUNCTION-2618,189.79,137.9,0.00251069294939061,0
JUNCTION-262,121.34,115.54,3.98023303703799,70.7653471829218
JUNCTION-2620,193.1,137.65,0.0604068695565588,0.165155559876543
JUNCTION-2623,195.54,142.38,0.152699904736747,8.5463919057613
JUNCTION-2624,189.16,150.52,1.26639668014652,19.7040234958848
JUNCTION-2625,197.68,154.51,1.14987370680481,16.8416175927984
JUNCTION-2626,194.3,132.56,0.00501463496305658,0
JUNCTION-2628,196.17,134.53,0.00412094222932218,0.000544111934156379
JUNCTION-2630,198.03,138.86,0.0197467795954015,0.018777837037037
JUNCTION-2633,203.45,144.01,0.141324588458085,1.13038852973251
JUNCTION-2634,205.39,140.84,0.0965887817927439,0.493627606995887
JUNCTION-2635,199.46,135.17,0.00413440711408512,0
JUNCTION-2637,214.47,146.5,0.0286905017991353,0.715818983127569
JUNCTION-2638,216.69,147.85,0.00281389386054397,0
JUNCTION-2639,212.53,149.61,0.0563134893458836,1.04351461769547
JUNCTION-264,120.33,112.52,0.00118369800866197,0
JUNCTION-2640,214.34,150.71,0.0591271026992276,1.73149196718107
JUNCTION-2642,217.17,156.84,0.122488008627002,2.79550809434156
JUNCTION-2643,212.62,154.06,0.0615961638777143,3.02266137098765
JUNCTION-2645,212.37,151.85,0.00134498768427005,0
JUNCTION-2646,206.77,150.58,0.0330055940303854,1.61794161728395
JUNCTION-2647,201.44,147.29,0.196168598558619,1.57736137057613
JUNCTION-2648,207.29,137.74,0.0500601673516307,0.0882713016460905
JUNCTION-2649,203.36,134.16,0.028781918545147,0.0473508440329218
JUNCTION-265,114.74,115.76,5.46587230956664,29.4690905611111
JUNCTION-2651,200.81,130.23,0.0144756124419979,0.0174833497942386
JUNCTION-2652,203.02,128.99,0.00322834299202225,0
JUNCTION-2653,199.87,128.97,0.00339644115638032,0
JUNCTION-2654,212.35,140.78,0.00640114786076749,0
JUNCTION-2655,197.81,154.31,0.00184253284366077,0
JUNCTION-2656,199.11,151.43,0.634079233906823,25.2241877864198
JUNCTION-2657,198.08,151.01,0.00121612226800155,0
JUNCTION-2659,202.85,153.69,1.03817044428701,27.3262248683127
JUNCTION-266,117.55,114.14,0.00350089955532166,0
JUNCTION-2661,202.87,152.17,0.000922871432229743,0
JUNCTION-2662,201.59,156.37,1.37102915908624,22.1281844990741
JUNCTION-2663,203.38,157.21,1.3511135437134,21.2065853452675
JUNCTION-2665,198.27,157.77,1.4030423304621,17.6346648995885
JUNCTION-2668,195.65,159.78,0.00110741048157188,0
JUNCTION-2670,197.7,160.77,0.00111751107384852,0
JUNCTION-2672,201.28,161.6,1.47866816479716,15.3674611930041
JUNCTION-2673,202.25,159.55,1.41086099002262,15.8518246194444
JUNCTION-2675,200.06,164.2,1.30569061902325,19.3397140855967
JUNCTION-2676,203.94,163.13,0.851633776273685,24.1784687598765
JUNCTION-2677,205.58,164.01,0.430410894820902,27.326384463786
JUNCTION-2678,209.33,163.3,0.171621455384711,17.7243569962963
JUNCTION-2679,210.39,161.11,0.168776559266905,3.86260694855967
JUNCTION-268,113.13,116.68,5.32435394402371,39.5242302527778
JUNCTION-2685,202.36,159.56,1.54805007220075,17.0839729688272
JUNCTION-2688,205.48,159.9,0.585607181256346,26.1481021372428
JUNCTION-2692,205.01,154.25,0.00248082704548346,0
JUNCTION-2693,206.17,157.14,0.00135333998874853,0
JUNCTION-2695,207.4,157.78,0.00130197133008021,0
JUNCTION-2698,206.94,161.29,0.00196269002817336,0
JUNCTION-2699,209.57,156.48,0.00366592209158951,0
JUNCTION-2701,209.84,158.65,0.136014004045119,2.80349443847736
JUNCTION-2703,210.15,157.79,0.133488135717552,2.55031502602881
JUNCTION-2706,214.8,159.12,0.13254531002469,2.81843682767489
JUNCTION-2709,201.46,142.19,0.0121432521593089,0.0118380543209877
JUNCTION-271,111.19,116.2,0.0079687651030817,0.00902082304526749
JUNCTION-2710,198.64,141.38,0.00426977606690045,0.000563716872427984
JUNCTION-2711,192.5,152.07,1.19492028570277,18.2178199062757
JUNCTION-2714,196.93,148.19,0.000386900250880235,0
JUNCTION-2717,194.5,165.28,1.46052344074932,16.8324372968107
JUNCTION-2718,198.17,168.18,1.54381305388784,16.9473207048354
JUNCTION-272,113.93,114.61,0.00341745939852377,0
JUNCTION-2721,198.97,166.48,1.36503912537569,18.5323786712963
JUNCTION-2723,201.43,164.68,1.06964873890568,24.0322020716049
JUNCTION-2724,202.8,168.9,1.00472833269075,30.9001113093621
JUNCTION-2728,202.22,137.82,0.012954546746838,0.0125461592592593
JUNCTION-2729,211.23,144.53,0.0132457085925789,0.305370850000003
JUNCTION-273,114.01,118.1,5.34526042639463,39.7909571170782
JUNCTION-2730,208.82,147.36,0.0431830885039538,1.04106937006173
JUNCTION-2731,216.7,152.17,0.0753426318360958,2.0289788276749
JUNCTION-2732,193.29,158.01,1.32987109939092,14.3884417987654
JUNCTION-2733,193.35,145.45,0.257918405846944,14.4269318317901
JUNCTION-2734,191.97,147.08,0.285488459876608,19.7578141895062
JUNCTION-2735,190.94,148.13,0.306456911678836,23.2992344816873
JUNCTION-2736,186.53,144.37,0.133303429404819,3.08906338374485
JUNCTION-2737,180.26,155.57,1.5614270254764,39.9549820979424
JUNCTION-2738,178.91,159.48,1.25416283745395,36.695226743107
JUNCTION-2739,165.97,163.5,1.25124724986571,29.8587835460905
JUNCTION-2740,163.18,159.99,0.0148259926080619,0.0127087691358025
JUNCTION-2741,159.45,159.08,1.0291710061045,30.6677899611111
JUNCTION-2742,160.33,151.51,0.885032352797614,33.2620711531893
JUNCTION-2743,195.78,154.25,0.00166281617109649,0
JUNCTION-2744,170.32,167.04,1.38939849886695,32.6874616169753
JUNCTION-275,112.67,118.83,4.92865282264259,38.8873322781893
JUNCTION-2754,43.72,138.57,0.0401657544293098,0.237391518827159
JUNCTION-2756,45.12,138.5,0.014099808176879,0.235600843621399
JUNCTION-2757,46.03,138.03,0.000717830130124865,0
JUNCTION-276,118.34,115.62,0.0035961539298426,0
JUNCTION-2760,44.32,136.66,0.0367383938929294,0.841105348662552
JUNCTION-2763,43.76,134.09,0.00104659581264872,0
JUNCTION-2765,42.79,140.96,0.00197514957399025,0.000521409053497942
JUNCTION-2766,43.73,142.1,0.00184209417737567,0
JUNCTION-2768,43.63,126.6,0.211019993714593,1.86680544639918
JUNCTION-277,114.89,119.58,5.38869312137656,39.4914135266461
JUNCTION-2770,44.88,127.66,0.24690206489818,1.0811022936214
JUNCTION-2771,46.13,127.86,0.00312263517822318,0.00041216378600823
JUNCTION-2776,42.67,122.17,0.0011178280322442,0
JUNCTION-2777,40.87,128.35,0.1857860751298,3.20824107674898
JUNCTION-2780,35.29,131.14,0.000767095070743389,0
JUNCTION-2781,43.14,119.81,0.152629920423978,2.197644881893
JUNCTION-2782,41.1,118.01,0.150925049417874,2.31308220051441
JUNCTION-2785,38.09,117.07,0.157149258594602,2.49048093755144
JUNCTION-2787,35.74,120.32,0.161434929622151,2.50997910061729
JUNCTION-2789,35.61,122.28,0.170787107137011,1.3068915585391
JUNCTION-279,113.55,120.35,4.79872512469505,44.2199372127572
JUNCTION-2792,45.82,128.09,0.000463004623557956,0
JUNCTION-2794,30.11,123.35,0.161420194876466,1.5657953771605
JUNCTION-2795,40.04,129.27,0.0205674011562643,0.0364827636831275
JUNCTION-2797,173.51,232.09,0.0013972773880978,0
JUNCTION-2798,173.24,232.09,0.00482020324905712,0.00110612345679012
JUNCTION-280,114.25,121.59,3.96343931222411,36.3995406516461
JUNCTION-2801,172.52,231.88,0.0029614577274569,0
JUNCTION-2804,176.1,233.59,0.0802257603831619,0.186287459979424
JUNCTION-2806,172.55,232.65,0.00567564308508362,0
JUNCTION-2807,172.55,232.54,0.00476516749023072,0
JUNCTION-2808,190.19,202.48,0.00255828722968663,0
JUNCTION-2810,187.03,207.85,0.00103999859507658,0
JUNCTION-2811,193.07,198.34,0.0294318272559167,0.0495165904320988
JUNCTION-2812,192.32,203.99,0.00252976887563075,0
JUNCTION-2813,192.88,208.72,0.0480612197078487,0.0663559271604939
JUNCTION-2814,192.88,207.54,0.00519404755854269,0
JUNCTION-2815,191.22,206.41,0.0615306036690641,0.0884416882716048
JUNCTION-2816,185.77,212.2,0.00351586029243311,0
JUNCTION-2820,191.08,200.45,0.00433162923371469,0
JUNCTION-2821,192.34,197.9,0.191642186784115,1.06239575679012
JUNCTION-2822,184.29,192.14,0.188024835714673,1.07391309598766
JUNCTION-2823,188.11,194.46,0.00233726772255204,0.000308425102880658
JUNCTION-2826,189.66,198.37,0.000268972625455876,0
JUNCTION-2827,190.33,197.11,0.0427795260383026,2.35890699804526
JUNCTION-2828,189.92,194.05,0.0253791569767727,1.25052947067901
JUNCTION-2829,190.1,192.44,0.0392726219996905,2.54160815740741
JUNCTION-2830,176.43,187.29,0.185705581448219,1.04138436265432
JUNCTION-2832,178.01,189.29,0.185926953954032,1.15611541790123
JUNCTION-2834,178.91,201,0.000531956158727353,0
JUNCTION-2835,196.47,207.99,0.0179433843175813,0.0243920148148148
JUNCTION-284,116.36,118.57,5.37953689117424,29.9083356788066
JUNCTION-2841,231.53,176.26,0.00112842858295551,0
JUNCTION-2844,236.38,175.59,0.41347312986582,16.538140538786
JUNCTION-2845,232,169.29,0.417953586704513,18.3174754411523
JUNCTION-2849,241.11,173.27,0.000811491261686705,0
JUNCTION-2851,240.04,170.32,0.01078408351068,0.28263335020576
JUNCTION-2852,235.27,166.97,0.0253007475914741,0.144244614609053
JUNCTION-2853,233.06,163.81,0.0305776831345299,0.0912258166666669
JUNCTION-2856,231.06,162.88,0.0411434400132977,0.109755762860082
JUNCTION-2858,230.07,157.44,0.782821319820955,16.6247601784979
JUNCTION-2859,234.39,154.09,0.760024289335996,16.7256644717078
JUNCTION-2860,236.64,154.98,0.00290122589981821,0
JUNCTION-2865,222.7,165.09,1.00021156406847,17.3284248484568
JUNCTION-2866,224.66,170.25,0.855148510261353,13.3338187032922
JUNCTION-2867,224.4,176.2,0.0064688197475231,0
JUNCTION-2869,225.88,167.54,0.890880909044413,16.8336933173868
JUNCTION-2876,216.66,178.16,1.11001515516731,12.9500535098766
JUNCTION-288,120.17,122.17,3.88356209039193,42.8384478239712
JUNCTION-2880,209.79,181.47,0.00860317841787263,0.00938936995884774
JUNCTION-2881,210.29,181.86,0.00374336954216999,0.000988354732510288
JUNCTION-2882,206.6,182.45,0.00454068804023191,0.00392335925925926
JUNCTION-2883,205.85,182.57,0.00156546022639668,0
JUNCTION-2884,206.65,182.12,0.0131133176212172,0.0179314584362139
JUNCTION-2885,206.75,180.86,0.00242186471485869,0
JUNCTION-2886,204.14,180.69,1.57931701587832,15.6144441429012
JUNCTION-2887,201.1,179.77,1.55667872263302,12.501566797428
JUNCTION-2893,199.27,176.41,1.72628634605636,11.7352126991769
JUNCTION-2895,199.4,172.84,0.00309436704008204,0
JUNCTION-2896,200,172.51,0.00865822934613352,0.00857496543209874
JUNCTION-2897,203.65,173.23,0.755137793743795,18.5680863744856
JUNCTION-2898,205.94,176.44,0.863172665377732,14.2047342118313
JUNCTION-2899,207.84,179.29,1.23125713892751,21.0629422611111
JUNCTION-2902,209.39,175.7,1.15115434300557,15.4775183711934
JUNCTION-2903,210.5,174.19,1.16367157195827,15.4531875541152
JUNCTION-2904,217.26,175.23,0.790193089339644,21.9823224260288
JUNCTION-2905,209.75,172.85,1.13357090225546,15.0989075898148
JUNCTION-2906,213.16,166.54,1.11257928531202,14.5819135184156
JUNCTION-291,111.34,125.9,4.03739788667851,32.1883727459876
JUNCTION-2910,210.14,165.6,0.00153141888689222,0
JUNCTION-2913,208.75,173.78,0.00293672616226488,0
JUNCTION-2914,205.23,175.37,1.10755969237332,16.1423879404321
JUNCTION-2917,207.21,169.99,0.769714155600899,18.6759529279835
JUNCTION-2918,206.1,169.71,0.00232305759080243,0
JUNCTION-2919,207.41,169.71,0.0167067949149687,0.0230205860082305
JUNCTION-292,108.88,127.31,4.05061455107414,32.3066505128601
JUNCTION-2920,208.76,168.66,0.00416096044290825,0
JUNCTION-2921,207.63,168.44,0.0035089406091107,0
JUNCTION-2924,214.08,162.55,1.11562570293919,15.1535387883744
JUNCTION-2926,214.48,159.79,0.877932521316798,20.5015479121399
JUNCTION-2929,217.03,159.51,0.00056699253397332,0
JUNCTION-2930,220.08,154.56,0.860361416087277,16.4624538323046
JUNCTION-2932,222.24,157.28,0.74671662446236,17.845752688786
JUNCTION-2933,222.76,155.15,0.00257932008310587,0
JUNCTION-2935,225.74,160.47,0.862779605534892,17.2308078272634
JUNCTION-2937,224.1,162.77,0.910269031298711,15.8500465822016
JUNCTION-2938,220.3,159.11,0.871207611824343,17.9043543170782
JUNCTION-2942,218.56,162.64,0.00275945188733168,0
JUNCTION-2945,226.76,162.27,0.0670020151791435,0.108039419135803
JUNCTION-2947,221.99,151.07,0.828498248574756,16.3428179745885
JUNCTION-2948,220.78,150.33,0.00153623691039134,0
JUNCTION-2949,223.02,147.19,0.797428301479903,16.3016031726338
JUNCTION-295,115.41,123.16,5.23594092486094,24.2502971882716
JUNCTION-2951,226.54,147.46,0.00176095201177791,0
JUNCTION-2952,227.34,149.52,0.803363321742943,16.3459839664609
JUNCTION-2954,224.78,152.71,0.0022594110732832,0
JUNCTION-2956,227.47,151.2,0.000819868169843968,0
JUNCTION-2957,229.51,152.39,0.779255319363905,17.4682227133745
JUNCTION-2959,226.93,159.14,0.789212651389005,17.6744430539095
JUNCTION-2961,212.76,140.95,0.0169301926684667,0.0163712209876543
JUNCTION-2962,213.2,138.5,0.00653013233746027,0
JUNCTION-2963,203.93,180.45,1.54441358854168,14.7092385977366
JUNCTION-2964,200.58,178.51,1.56644712186312,13.1459077438272
JUNCTION-2965,214.74,178.46,1.10471288462563,12.6223787985597
JUNCTION-2966,206.15,171.32,0.772461167619246,19.473558845679
JUNCTION-2967,216.3,174.78,0.640511648205136,21.6645505266461
JUNCTION-2968,220.48,178.86,1.08841358672723,12.3242795978395
JUNCTION-2969,220.74,173.64,1.08864870881775,12.6134019731482
JUNCTION-2970,220.71,172.63,1.07837477327818,12.5262302143004
JUNCTION-2971,220.76,167.45,1.07936077145704,12.7794631398148
JUNCTION-2972,219.96,166.72,0.965274546048681,12.6199646861111
JUNCTION-2973,216.78,164.45,0.957484302792349,11.7158920700617
JUNCTION-2974,215.45,163.48,0.944105690405865,11.6531575746914
JUNCTION-2975,215.88,142.86,0.025845975475627,0.0437293638888889
JUNCTION-2976,220.09,145.46,0.0331619376671291,0.067140357510288
JUNCTION-2977,222.56,148.45,0.814565865634437,16.0770616052469
JUNCTION-2978,226.79,165.91,0.928484023746381,17.9314383914609
JUNCTION-2979,230.75,170.89,0.644345579386282,22.5114578032922
JUNCTION-2980,228,168.57,0.76355133861935,24.4908309351852
JUNCTION-2981,227.67,172.67,0.549058243505193,15.0952385536008
JUNCTION-2982,232.09,172.62,0.587552771658932,20.2393096496914
JUNCTION-2983,234.98,173.38,0.420503432137389,17.2846033479424
JUNCTION-2984,237.31,169.43,0.0176182594860856,0.220920694238684
JUNCTION-2989,178.33,187.49,0.0383538153940004,0.304066225308642
JUNCTION-2992,180.79,184.71,0.0435542168661354,0.104720701028806
JUNCTION-2993,182.52,187,0.0407181806604309,0.151351193621399
JUNCTION-2995,179.62,183.31,0.0156276185029843,0.0136080189300412
JUNCTION-2997,178.49,182.77,0.00767252143210395,0.00633310123456791
JUNCTION-2999,177.04,182.46,0.000308280524625006,0
JUNCTION-30,117.43,56.71,2.36203153281429,46.433582963889
JUNCTION-3003,161.41,169.78,0.0742491716805199,0.609912279938273
JUNCTION-3005,155.91,167.97,0.09425494397208,0.598719112757202
JUNCTION-3006,164.74,166.7,0.0981982564711091,0.685769553189301
JUNCTION-3009,170.42,170.87,0.0952673797524965,0.397592064403292
JUNCTION-3011,184.71,167.64,0.000693842684556853,0
JUNCTION-3014,188.01,166.24,0.00109917938076492,0
JUNCTION-3015,192.47,168.97,0.00141862112926205,0
JUNCTION-302,105.98,124.24,4.74648337214221,35.3929844967078
JUNCTION-3020,254.59,193.05,0.300186575816895,11.0578805715021
JUNCTION-3022,255.66,190.29,0.00209531699055704,0
JUNCTION-3027,258.32,205.69,0.285994042228141,9.74155439063787
JUNCTION-303,101.81,126.32,5.04447258845779,35.314027437963
JUNCTION-3030,260.7,208.07,0.261835870962491,9.28644350401236
JUNCTION-3033,261.04,205.13,0.00125746103073418,0.000165934156378601
JUNCTION-3034,256.5,204.44,0.440772462523284,7.55334984619342
JUNCTION-3035,255.46,206.58,0.43055939824295,7.41998491049382
JUNCTION-3036,254.98,209.56,0.428984340803199,7.87860402026749
JUNCTION-3040,253.59,203.44,0.342119009783119,11.1850550593622
JUNCTION-3046,253.47,201.04,0.272218337288497,8.87206147561729
JUNCTION-305,106.69,121.06,0.00113146507340627,0
JUNCTION-3052,248.22,208.69,0.000674521507266523,0
JUNCTION-3053,248.16,203.79,0.675565249058734,17.755397452572
JUNCTION-3054,246.96,203.67,0.63201755826503,17.9015280331276
JUNCTION-3055,243.52,204.75,0.631179694215244,17.6499460100823
JUNCTION-3059,238.73,202.16,0.729540652077466,18.4246234409465
JUNCTION-3064,238.53,199.17,0.637068616887061,20.1063472582304
JUNCTION-3066,241.49,200.39,0.662521082034045,20.5489147416667
JUNCTION-3068,244.75,198.43,0.682241369376624,19.8583706519547
JUNCTION-3069,246.17,199.58,0.634511140018922,20.6298502748971
JUNCTION-3070,246.74,198.77,0.621178116949035,21.014759795679
JUNCTION-3072,247.73,197.45,0.590126722527079,21.2022898352881
JUNCTION-3074,246.14,206.25,0.00127024396006549,0
JUNCTION-3075,233.13,199.18,0.00755012897424692,0.00836811296296297
JUNCTION-3077,254.73,195.21,0.521256897064513,11.5149425078189
JUNCTION-3078,249.04,191.12,0.679505745389305,18.0676494391975
JUNCTION-308,104.11,121.25,5.05983748417998,37.0438362630659
JUNCTION-3080,244.94,193.48,0.659222260490534,20.9708392533951
JUNCTION-3081,244.19,195.97,0.675892477921521,20.8511241593621
JUNCTION-3082,237.75,196.29,0.672972309362093,20.8393793384774
JUNCTION-3083,237,196.29,0.673504927135309,20.1421949988683
JUNCTION-3085,250.85,191.28,0.671517848518037,17.9779800230453
JUNCTION-3087,247.86,191.09,0.676335049330684,18.495346436214
JUNCTION-3088,245.05,191.6,0.694079506867507,20.1548069751029
JUNCTION-3089,245.11,190.11,0.670610960742967,19.4117168005144
JUNCTION-3090,243.12,194.08,0.662693121008643,21.4411006676955
JUNCTION-3091,242.87,191.63,0.674117802945333,20.8719308625515
JUNCTION-3093,238.2,193.07,0.737969906021892,21.1694167727366
JUNCTION-3094,237.14,191.45,0.796553169860157,19.2045600545268
JUNCTION-3095,234.13,197.11,0.000431196640059563,0
JUNCTION-3098,249.92,184.11,0.661637751866503,18.602651237037
JUNCTION-3100,244.3,180.25,0.695728060956864,18.9777333547325
JUNCTION-3101,243.48,180.41,0.000920847042588542,0.000121524691358025
JUNCTION-3102,248.39,179.49,0.717716227578498,19.3335424765432
JUNCTION-3105,244.36,188.09,0.0116301705273225,0.0103934518518519
JUNCTION-3106,243.04,184.38,0.00437712658762013,0
JUNCTION-3108,242.4,185.15,0.749808618869131,22.5289913544239
JUNCTION-311,105.31,116.89,0.00102706692324535,0
JUNCTION-3110,238.13,185.14,0.780445787967398,21.415362991358
JUNCTION-3112,238.13,181.45,0.0141831322649758,0.0220604962962963
JUNCTION-3114,241.56,179.46,0.00387516275151851,0
JUNCTION-3116,240.32,188.96,0.418999850195398,23.4996314647119
JUNCTION-3117,238.08,186.4,0.521404684691951,23.5294177395062
JUNCTION-3119,231.36,190.08,0.957000132697893,15.6395842468107
JUNCTION-3121,231.41,185.66,0.97217058360027,15.4336666084362
JUNCTION-3122,232.72,186.27,0.961537616103763,16.4598515646091
JUNCTION-3123,232.78,182.67,0.90389565797303,17.8694829709877
JUNCTION-3125,234.5,184.6,0.873393244907498,19.4763258593621
JUNCTION-3127,233.7,179.17,0.788024306793647,21.5547249520576
JUNCTION-3128,231.49,179.17,0.768971196539514,20.5105129502057
JUNCTION-3129,231.42,183.09,0.948239194645453,15.9464865815844
JUNCTION-313,107.93,119.62,0.00202589783856649,0
JUNCTION-3130,245.67,177.38,0.7390097778398,18.902510078395
JUNCTION-3131,243.53,171.77,0.781343131336249,18.1235808989712
JUNCTION-3134,240.73,168.01,0.789485602421818,16.9359195699589
JUNCTION-3135,238.37,167.49,0.00327373511258313,0
JUNCTION-3136,243.38,163.01,0.591862177423557,16.6904324683128
JUNCTION-3138,242.64,160.56,0.568564779031577,16.6823430235597
JUNCTION-314,109.89,118.33,4.96447121763526,41.362849178498
JUNCTION-3140,245.98,159.61,0.00307793973533392,0
JUNCTION-3141,249.57,160.91,0.000105726192967499,0
JUNCTION-3142,237.05,157.51,0.798210678854688,14.1200854701646
JUNCTION-3147,239,139,0.0330324998156529,0.0767959888888889
JUNCTION-3149,234.83,143.41,0.000847264220771421,0
JUNCTION-3150,233.1,142.28,0.00275796653982368,0.175643753086419
JUNCTION-3154,230.72,145.42,0.00175317247526969,0.00447185720164609
JUNCTION-3156,235.38,164.25,0.806022616702477,16.4668538220165
JUNCTION-3157,232.38,160.73,0.743958156504425,17.0579028346708
JUNCTION-3158,231.5,177.75,0.00153538152504428,0
JUNCTION-3163,227.55,182.45,0.974378836765662,14.8166966026749
JUNCTION-3165,227.85,185.36,0.0027727246881698,0.000365948148148148
JUNCTION-3166,227.34,179.09,0.00663180494681889,0.00496191851851852
JUNCTION-3167,225.41,179.05,0.00208984792406556,0
JUNCTION-3168,225.28,179.04,0.0020006828084924,0.000264009465020576
JUNCTION-3169,225.35,184.62,0.983680452359865,14.9604298515432
JUNCTION-3171,225.8,188.27,0.000626791101221458,0
JUNCTION-3172,226.45,189.62,0.00201712637844353,0.0002662670781893
JUNCTION-3173,223.83,182.78,1.013552608148,13.2756630207819
JUNCTION-3174,223.96,180.37,0.94411637195105,16.0850571507202
JUNCTION-3176,221.64,180.94,1.03553132805064,13.0943289831276
JUNCTION-3177,221.49,183.31,0.844200509124261,18.2971263759259
JUNCTION-3178,223.7,186.74,0.00608251008921904,0
JUNCTION-3179,221.05,184.41,0.891292395698497,17.5905624794239
JUNCTION-318,128.11,117.92,3.74988486450391,38.3703135779835
JUNCTION-3182,215.33,186.2,0.00149975309773861,0
JUNCTION-3183,219.46,182.29,1.04700625619883,13.0810551141975
JUNCTION-3184,219.44,181.45,0.00476717248918532,0
JUNCTION-3185,219.42,180.11,0.00171613811362884,0
JUNCTION-3186,215.37,184.48,1.06709498347194,12.4638424325103
JUNCTION-3187,210.51,183.8,1.07232001378911,12.3765186183128
JUNCTION-3188,206.19,183.89,1.14565074792182,13.5750367135803
JUNCTION-319,125.66,116.35,3.97834143283346,21.7905793360082
JUNCTION-3191,202.13,184.92,1.09457482271456,14.7033047514403
JUNCTION-3193,199.06,185.85,0.0231831376897362,0.0491357247942386
JUNCTION-3195,197.19,185.62,0.0149617631805635,0.0263922265432098
JUNCTION-3197,194.54,183.55,0.00391490508262078,0
JUNCTION-3198,192.66,186.82,0.00398830094026453,0
JUNCTION-32,119.67,56.34,2.86167273085186,59.7021258719135
JUNCTION-3201,199.79,182.16,0.00511665008513181,0
JUNCTION-3203,243.03,176.19,0.00351546610084338,0
JUNCTION-3204,241.52,172.28,0.00268565615768329,0.372055620370373
JUNCTION-3205,246.46,208.4,0.421790352647761,8.87682470843621
JUNCTION-3206,250.47,196.93,0.325806801979803,10.2481292240741
JUNCTION-3207,236.86,185.07,0.832476333160927,19.2467397454733
JUNCTION-3208,229.7,179.14,0.0112210543958571,0.0107846028806584
JUNCTION-3209,231.36,191.57,0.931464491627504,17.8328504385803
JUNCTION-3210,225.97,186.08,0.0109741436938889,0.0171875242798354
JUNCTION-3211,216.49,185.16,0.92265499930667,17.3440114479424
JUNCTION-3212,240.15,158.09,0.525600194600398,16.1985387335391
JUNCTION-3218,274.54,183.12,0.40352673162055,2.02508931440329
JUNCTION-3220,263.68,194.13,0.379873690178329,2.20236834588477
JUNCTION-3225,263.51,197.84,0.0069831128213354,0.00535444423868313
JUNCTION-3226,261.14,197.2,0.00275139319644537,0
JUNCTION-3227,260.08,190.74,0.381406293414258,1.94452796502058
JUNCTION-3229,259,194,0.000182754103639718,0
JUNCTION-3234,258.21,202.04,0.0291592228624833,0.0505051074074074
JUNCTION-3236,256.07,212.07,0.00186241115225687,0
JUNCTION-3239,269,194,0.393189596168805,2.72575704650206
JUNCTION-324,135.75,118,4.1010170346719,20.9494626368313
JUNCTION-3240,251.17,182.02,0.0367526532722352,0.726340140637863
JUNCTION-3245,245.54,162.8,0.111966279741718,0.602537886625513
JUNCTION-3246,248.11,164.46,0.104926074602206,0.719711388271605
JUNCTION-3247,249.59,162.94,0.111755574288034,0.503747135390946
JUNCTION-3249,254.59,165.07,0.110137505173521,0.460440369958848
JUNCTION-3252,250.52,164.76,0.00399056124431879,0
JUNCTION-3253,250.52,161.31,0.0377814716851137,0.0424205479423869
JUNCTION-3256,255.04,160.16,0.0258565196303431,0.0234257975308642
JUNCTION-3257,259,161.56,0.0155631872648651,0.0206225407407407
JUNCTION-3258,258.25,158.34,0.0023837623974905,0.00031469012345679
JUNCTION-3260,259.82,163.47,0.001675591233292,0.00326245967078189
JUNCTION-3261,246.02,163.94,0.09977523829235,0.708217449382716
JUNCTION-3262,256.32,160.57,0.0212329346149523,0.0220546616255144
JUNCTION-3263,260.37,158.23,0.00862320035435425,0.00660849259259259
JUNCTION-3264,257.59,161.07,0.0186403561147697,0.0206225407407407
JUNCTION-3265,335,118,0.0185887580813029,0.00245417942386831
JUNCTION-3268,332,162,0.0454151769144238,0.110749039814815
JUNCTION-3271,334,185,0.0635682808277797,0.149555347016461
JUNCTION-3272,331.5,187.21,0.0709509896191419,0.113954381687243
JUNCTION-3275,324.69,194.06,0.127608499730438,0.235617518106996
JUNCTION-3276,282.06,218.14,8.47682306847048e-05,0
JUNCTION-3278,285.75,219.74,0.0111602765097369,0.0137784312757202
JUNCTION-3280,310,189,4.75384192135679e-06,0
JUNCTION-3286,284.15,190.74,0.319588395136446,2.27713469351852
JUNCTION-3288,274.57,183.11,0.210744631800405,3.22910862561729
JUNCTION-329,135.16,121.46,4.18294964676892,18.3824955660494
JUNCTION-3292,264.44,186.4,0.0118120097183568,0.0640030201646093
JUNCTION-3294,262.5,164.15,0.0233341812408153,0.13813612335391
JUNCTION-3295,260.32,165.09,0.0211048225369815,0.154944964403292
JUNCTION-3299,211,225,0.00234439672388201,0
JUNCTION-3300,221,225,0.014568164929588,0.00587795102880659
JUNCTION-3301,232.43,225.26,0.0244659711723749,0.0331914522633744
JUNCTION-3305,262.85,225.49,0.0525310107938711,0.0671899719135803
JUNCTION-3307,286.29,212.12,0.0723274164213576,0.0859154939300411
JUNCTION-3308,280,225,0.0039627620139815,0
JUNCTION-3309,274.89,226.03,0.0919751524738153,0.098728521399177
JUNCTION-331,133.21,126.71,4.22184157867102,18.4537072746914
JUNCTION-3311,271.41,225.83,0.000758537311445506,0
JUNCTION-3312,284,209,0.104954994989621,0.106437834053498
JUNCTION-3313,276.19,203.15,0.111249094227928,0.104442166563786
JUNCTION-3316,273,201,0.132258934016044,0.0995312209876544
JUNCTION-3317,305,189,0.323033135442988,0.421221171193416
JUNCTION-332,135.56,127.58,0.00270510243541779,0
JUNCTION-333,130.86,132.94,4.27483693100016,19.5291569041152
JUNCTION-334,123.32,129.58,0.00333198459614231,0
JUNCTION-335,116.29,124.86,5.0606786964531,25.0713508866255
JUNCTION-337,120.08,128.61,5.04113075469169,26.4505906554527
JUNCTION-34,128.12,59.44,5.57254182443315,49.1705739350823
JUNCTION-340,117.23,128.41,3.26247843286956,33.3611177327161
JUNCTION-341,115.75,127.71,0.00247987573157801,0
JUNCTION-342,111.52,132,3.62293391520474,32.3994853975309
JUNCTION-343,111.95,132.76,0.000947093789682769,0
JUNCTION-344,108.96,132.99,3.95563614852154,32.8153577128601
JUNCTION-346,106.39,126.44,0.0015736483998384,0
JUNCTION-350,105.05,127.15,0.00204671586277072,0
JUNCTION-351,101.56,129.18,0.0023343227149111,0
JUNCTION-352,104.15,130.05,4.14916957684009,33.038367335391
JUNCTION-357,98.97,132.85,1.04120150497779,58.0258982544239
JUNCTION-358,101.58,131.34,5.04466089282576,35.4780790745885
JUNCTION-360,107.26,125.8,0.00334103750595244,0
JUNCTION-361,96.03,114.99,4.73311945858116,45.7972203489712
JUNCTION-366,97.79,121.04,5.11824724290832,85.3697829190329
JUNCTION-367,98.59,118.13,0.00327034168128163,0
JUNCTION-368,99.75,121.7,5.19842224211655,86.4853703875516
JUNCTION-369,93.77,120.37,0.000916694143453388,0
JUNCTION-371,98.54,124.37,0.00172488463718125,0
JUNCTION-374,115.28,125.98,0.00117253337675936,0
JUNCTION-376,95.7,128.04,0.00650488065134407,1.42427449125514
JUNCTION-38,121.06,62.76,0.00155669972858351,0
JUNCTION-380,94.69,132.41,2.24890832615967,64.7101767712963
JUNCTION-39,122.86,63.46,0.00137011679771025,0.00144974485596708
JUNCTION-392,96.94,138.85,0.00248592555775304,0
JUNCTION-40,125.13,64.25,0.00480073065328989,0
JUNCTION-401,99.48,135.7,1.03281138043251,32.297484977675
JUNCTION-403,106.55,134.32,4.16335464314247,33.1604613445473
JUNCTION-404,108.99,137.24,4.18905272630481,33.3669683680041
JUNCTION-405,110.26,136.39,0.0016565307012397,0
JUNCTION-409,95.95,146.31,0.00271498126683105,0
JUNCTION-41,115.41,66.07,0.00191622940297349,0
JUNCTION-411,109.34,141.21,0.00238427661658576,0
JUNCTION-412,114.67,137.32,3.70821279081183,32.3286278322017
JUNCTION-414,111.16,140.42,4.18820059328884,33.5297982585391
JUNCTION-417,113.15,143.32,4.20888952088813,33.9727998694444
JUNCTION-418,118.22,140.64,4.1156846127728,36.4226427625514
JUNCTION-419,109.17,146.39,0.00185661233852213,0
JUNCTION-420,114.34,145.07,4.16945930377887,33.6440129476337
JUNCTION-422,112.53,146.59,0.000954493406820508,0
JUNCTION-424,115.79,147.19,4.19380382926188,33.9899519185185
JUNCTION-430,117.89,133.53,3.91738909725316,37.3835033888889
JUNCTION-431,116.41,134.01,0.00175284128035827,0
JUNCTION-432,119.15,134.14,5.05861213059358,26.5780789969136
JUNCTION-44,118.23,69.51,7.49274422251258,27.7081069202675
JUNCTION-446,123.59,138.88,0.00287166031049055,0
JUNCTION-45,119.5,64.02,0.00186899859729896,0
JUNCTION-453,117.13,145.7,4.07752071119026,36.2623668658437
JUNCTION-455,108.32,149.2,0.00351455904484254,0.000463703703703704
JUNCTION-458,108.22,151.92,1.394892535082,38.8352207605967
JUNCTION-459,106.01,148.61,1.30929587740019,38.1719243483539
JUNCTION-46,120.95,68.46,7.35766089033962,35.1936064761317
JUNCTION-461,104.43,153.77,0.00116107800194204,0
JUNCTION-462,105.7,155.68,0.640533145702149,38.128316871502
JUNCTION-464,118.2,150.27,4.0910363402282,36.2902786596708
JUNCTION-466,121.01,147.7,0.00106337761806879,0
JUNCTION-468,122.93,149.91,4.62676088087835,41.5521156122428
JUNCTION-470,125.54,153.55,0.00468993751240518,0
JUNCTION-471,120.47,153.24,3.96741972039065,30.401182035288
JUNCTION-473,122.21,157.42,3.97472425986258,30.8065542639918
JUNCTION-478,126.06,160.9,0.025124108399352,0.0193946467078189
JUNCTION-480,130.96,158.11,0.0113548485571239,0.0130671144032922
JUNCTION-481,134.49,162.31,0.00618540278428659,0.000816694650205761
JUNCTION-482,128.85,161.96,3.13439632366791,35.4951965929012
JUNCTION-485,132.34,163.28,0.00221199430750457,0
JUNCTION-489,115.13,165.28,0.00195304203457432,0
JUNCTION-490,114.01,162.58,2.67544994587357,47.4002953091563
JUNCTION-491,117.13,160.26,1.81264143005919,56.3375422705761
JUNCTION-492,115.59,157.78,1.56580309240182,53.5884285566873
JUNCTION-496,114.76,154.55,0.00375634392817206,0
JUNCTION-498,110.92,159.25,1.2384639883747,46.7626000793211
JUNCTION-50,124.06,48.24,4.64319123893421,34.1391081046296
JUNCTION-502,109.05,165.07,0.00484230148805348,0
JUNCTION-505,109.69,155.09,2.50152184385932,34.3140391606996
JUNCTION-509,112.58,149.86,2.41712545043418,32.8084087764403
JUNCTION-510,103.28,157.78,0.652257345197601,34.9033336841564
JUNCTION-511,106.03,156.86,0.00173577047097183,0
JUNCTION-513,98.04,162.23,0.627745800155025,30.4008175514403
JUNCTION-517,94.17,156.58,0.0082758631328209,0.00530269279835391
JUNCTION-519,94.68,165.08,0.904925127835772,42.5269391796297
JUNCTION-52,122.69,42.99,4.24052352095085,70.4567263382717
JUNCTION-521,104.78,158.07,0.00269890017128496,0
JUNCTION-523,108.2,159.36,0.00161158154167849,0
JUNCTION-524,110.79,158.2,2.43372729853131,35.5730815262346
JUNCTION-528,110.72,161.56,0.000753817711651567,0
JUNCTION-53,124.15,42.46,0.00167697749876018,0
JUNCTION-531,128.81,166.16,3.93222276414287,31.4018194085391
JUNCTION-534,133.27,169.42,3.57668437635449,31.1047374827161
JUNCTION-537,135.95,166.03,0.00374840433649587,0
JUNCTION-538,131.43,169.84,3.798272422677,31.0303983157407
JUNCTION-54,120.41,36.66,4.086958443847,70.1219651440329
JUNCTION-540,125.09,167.74,2.67603379493842,42.9684874712963
JUNCTION-543,124.35,172.94,2.90206323228532,39.7039603014403
JUNCTION-548,137.11,166.45,0.000738447282165089,0
JUNCTION-549,134.43,173.93,3.77211391111577,28.7205553239712
JUNCTION-555,135.45,178.05,3.05090839422501,28.4500623601852
JUNCTION-560,124.64,179.61,3.16744552962553,34.6718960850824
JUNCTION-561,125.25,182.48,3.34008571827043,32.2239861495885
JUNCTION-562,128.71,186.82,2.88374294044841,27.441195835391
JUNCTION-565,136.7,179.97,2.97812197856877,30.2831131436214
JUNCTION-568,137.4,182.6,3.01016009679965,33.3567879915638
JUNCTION-571,134,182.71,3.01794902997694,30.912057344856
JUNCTION-574,131.14,185.62,2.94041704451729,30.6844384789095
JUNCTION-577,134.56,186.05,0.00162673444593786,0.000214645679012346
JUNCTION-583,130.54,187.64,0.000293311146712583,0
JUNCTION-585,125.08,184.17,3.24351759861006,29.7172727351852
JUNCTION-586,124.11,183.99,3.23354574620928,31.162394633642
JUNCTION-589,121.61,181.91,0.0010119039143348,0
JUNCTION-590,121.25,182.19,0.00185042287787804,0
JUNCTION-591,116.51,168.2,2.67434056292441,42.4471732539094
JUNCTION-592,118.58,173.85,2.6588639650844,41.4274284447531
JUNCTION-593,120.86,170.22,0.00520122506805485,0
JUNCTION-594,119.67,173.97,2.87912484841764,42.7183194859053
JUNCTION-598,114.44,178.14,0.173500573108792,34.8614544402264
JUNCTION-601,114.27,175.17,0.00139570849991927,0
JUNCTION-604,114.22,171.84,0.00136643050773085,0
JUNCTION-605,112.32,180.32,1.13816564119239,65.4072071491769
JUNCTION-607,120.5,176.77,0.00118612423921086,0
JUNCTION-608,121.47,178.31,0.00278323881931359,0.000367214814814815
JUNCTION-609,115,178.82,0.00191844770975599,0
JUNCTION-612,118,180.7,0.00124562394237298,0
JUNCTION-614,117.77,197.91,0.0012601089327589,0
JUNCTION-621,108.68,181.77,1.86172370407176,36.299278983642
JUNCTION-627,108.53,178.72,0.000883453483573933,0
JUNCTION-628,109.76,174.63,0.00266505244248663,0
JUNCTION-629,110.95,171.77,0.00195048357896609,0
JUNCTION-630,121.97,184.94,3.1856963815519,31.2721307690329
JUNCTION-631,120.45,184.29,0.00314961580004416,0.000415588065843621
JUNCTION-632,115.81,188.4,3.25298965969753,28.0970761808642
JUNCTION-633,115.54,193.18,3.21953851195465,28.0749450171811
JUNCTION-634,113.71,195.46,3.23127895271294,28.0106551150206
JUNCTION-638,120.9,194.11,0.000555214870382785,7.32901234567901e-05
JUNCTION-641,110.37,189.59,2.64734318274157,34.698440402572
JUNCTION-644,110.38,185.6,1.56637910936006,20.9279259435185
JUNCTION-646,111.19,186.72,0.0215384550912462,0.0262220888888889
JUNCTION-647,115.34,184.62,0.00748036896674231,0.00678976337448559
JUNCTION-649,112.6,188.86,0.000961970490125284,0
JUNCTION-650,106.27,184.09,2.31611039092428,33.6573321110082
JUNCTION-652,107.12,187.68,1.88532117893931,31.1233178230453
JUNCTION-653,106.85,191.74,2.31415907327397,31.1860571251029
JUNCTION-654,106.01,188.35,1.55829117527024,35.5503730704733
JUNCTION-655,104.69,189.28,2.00780858548936,26.9100858610082
JUNCTION-656,108.4,182.77,1.89048200985331,30.9392410825103
JUNCTION-658,102.63,186.5,2.04723663367868,29.3253679042181
JUNCTION-663,109.62,193.35,2.28728256514676,32.994126243107
JUNCTION-666,110.25,197.38,0.00159937789687864,0
JUNCTION-669,113.93,193.86,3.11272348238427,29.7800887463992
JUNCTION-671,104.24,180.47,0.00148433292277102,0
JUNCTION-672,103.39,185.11,1.86630849962139,40.1447359625514
JUNCTION-675,98.07,188.29,2.60761717139336,32.5631760081276
JUNCTION-676,100.46,191.84,2.7828909146661,34.0247113528806
JUNCTION-681,102.67,195.04,2.8855645303134,33.6078523634773
JUNCTION-684,102.47,192.92,0.00187761180413326,0.00024780987654321
JUNCTION-685,97.69,187.79,2.59404542068829,33.7106497139917
JUNCTION-686,100.36,180.54,1.76815953684603,60.2311589327161
JUNCTION-687,101.35,182.07,1.71216180943503,58.0918077573045
JUNCTION-688,103.05,178.6,0.750739813226152,36.504719897428
JUNCTION-694,101.6,170.66,1.4517013114718,54.2596767497943
JUNCTION-695,100.71,169.89,1.43716287722985,52.8239647895062
JUNCTION-698,98.38,167.01,0.000730142081610182,0
JUNCTION-704,96.31,184.06,0.00120086381677032,0
JUNCTION-707,93.66,182.05,2.63212207852562,37.0906515108025
JUNCTION-709,94.29,180.25,2.65329475563526,37.6240026322017
JUNCTION-711,97.17,180.62,0.000967690689011075,0
JUNCTION-712,96.74,177.05,2.41536333918178,54.0339571329217
JUNCTION-714,95.43,172.5,2.6003456793952,35.8590719480453
JUNCTION-720,138.53,170.61,0.00102656718185821,0
JUNCTION-727,141.23,172.44,0.00677605641767954,0
JUNCTION-728,140.39,174.46,3.40780611615449,32.5906599234568
JUNCTION-730,141.1,176.05,3.16494523407049,35.379820598354
JUNCTION-732,140.53,179.99,3.0339130704174,47.7104115869342
JUNCTION-733,108.78,198.48,3.15707228319609,28.4841525001029
JUNCTION-736,104.14,197.18,3.01199672394886,34.3450936372428
JUNCTION-739,104.53,199.4,2.34653024891611,42.5948730677983
JUNCTION-74,66,17,0.0118404372998233,0
JUNCTION-742,103.32,201.16,2.45764063670788,37.172604180144
JUNCTION-743,101.96,199.7,2.3461174287493,37.0273612878601
JUNCTION-748,100.24,198.82,2.23489588503792,32.4925813618313
JUNCTION-75,100.09,17.57,0.00372211168578906,0.000491411522633745
JUNCTION-751,97.66,203.86,2.09658960537015,25.8306697024691
JUNCTION-758,95.41,197.68,0.00375529804963953,0
JUNCTION-759,92.79,200.41,1.92213841670727,26.4125870375515
JUNCTION-760,92.89,201.17,0.000835718909446938,0
JUNCTION-762,85.69,215.25,0.00327830695596615,0.000432746913580247
JUNCTION-763,84.81,199.94,1.75287017122494,20.8748071175926
JUNCTION-769,79.55,210.61,0.0173708413334999,0.0197766551440329
JUNCTION-772,79.34,212.15,0.00052558339032491,0
JUNCTION-773,77.49,215.89,0.0009526426595186,0
JUNCTION-774,80.46,207.92,0.0673720396600033,0.0462619511316872
JUNCTION-775,83.4,208.57,0.0422924032333323,0.0296280591563786
JUNCTION-778,83.83,210.03,0.0015166458210921,0
JUNCTION-780,83.83,210.93,0.00175920257478408,0
JUNCTION-785,82.56,215.66,0.000457993704710281,0
JUNCTION-786,81.72,218.33,0.00299796174632969,0
JUNCTION-790,82.53,200.55,0.000381555709271877,0.00121431851851852
JUNCTION-792,85.33,198.21,0.000656112390397964,0
JUNCTION-798,81.69,195.84,1.94757244392619,23.2717135950617
JUNCTION-8,104.66,64.92,0.0214438624372329,0.0402988220164609
JUNCTION-801,78.72,200.41,1.77127961520774,25.508746232716
JUNCTION-807,74.27,197.86,0.00154432881853007,0
JUNCTION-81,129.09,62.92,0.000313464865425314,0
JUNCTION-810,91.97,132.83,3.5732599231124,34.0186583794239
JUNCTION-812,93.55,135.49,1.89362465141959,45.4373764054527
JUNCTION-815,86.02,138.49,3.31454926535487,33.8767195058642
JUNCTION-817,85.81,138.65,3.29335792446105,32.6635636259259
JUNCTION-820,83.1,141.69,1.21981623913707,36.2435450434156
JUNCTION-823,80.87,143.12,1.02473301841406,37.5967054279835
JUNCTION-828,84.31,133.22,0.00167612840316609,0
JUNCTION-829,82.26,134.09,2.85640460039844,45.1194829364198
JUNCTION-83,129.94,65.09,6.70263204755959,94.9940875709877
JUNCTION-832,79.13,135.8,3.21767668086239,22.6705203627572
JUNCTION-833,79.95,137.23,2.59959732133228,37.0967397669753
JUNCTION-843,83.39,163.5,0.00231435802039621,0
JUNCTION-845,81.84,161.16,1.34226134856915,42.8124555303499
JUNCTION-846,80.14,161.83,0.241470018900014,10.4722499743827
JUNCTION-85,117.01,70.07,7.51319762813852,27.6038069976338
JUNCTION-852,84.46,159.95,0.00395907523596653,0
JUNCTION-853,82.71,155.19,1.15177556870423,33.5647678915638
JUNCTION-854,81.35,151.22,1.20064546355995,34.4527396898148
JUNCTION-855,83.1,155.18,0.00164757895301521,0
JUNCTION-856,83.27,151.75,0.858942824936378,29.0376812561728
JUNCTION-859,85.16,148.73,0.660207798234343,19.5539565946502
JUNCTION-86,111.04,74.55,7.53693695862436,27.7392458372428
JUNCTION-860,87.31,152.8,0.392961141886439,20.4905047959876
JUNCTION-861,87.72,153.04,0.0235946218429592,5.46752680370373
JUNCTION-867,81.52,149.23,0.985293434734301,25.1972394593622
JUNCTION-869,77.61,146.86,0.0677641584267068,0.929002334773662
JUNCTION-871,79.59,138.26,0.824282126670624,22.7546575626543
JUNCTION-873,66.32,137.37,0.823351918367046,11.558152419856
JUNCTION-874,61.79,138.33,0.866439774347827,10.5512815083333
JUNCTION-877,91.02,137.98,0.00135612416884084,0
JUNCTION-88,96.7,78.1,0.00273338942458097,0
JUNCTION-880,91.93,140.25,0.00239190347753987,0
JUNCTION-881,87.67,141.96,0.0011856409674881,0.000156495473251029
JUNCTION-883,88.81,143.37,0.00494590166911405,1.24940732037037
JUNCTION-887,86.13,143.82,0.00115945985246521,0
JUNCTION-888,89.31,147.55,0.0186159689419383,2.13269295977366
JUNCTION-889,89.01,150.73,0.0157575394380962,2.64071609927984
JUNCTION-894,84.59,144.04,0.00175307100390982,0
JUNCTION-896,91.92,158.67,0.00198040198318757,0.000261419341563786
JUNCTION-897,79.56,142.3,2.64628757558492,36.8500979730453
JUNCTION-898,68.9,144.73,2.23672556942832,30.2311705375515
JUNCTION-899,68.09,145.59,0.480816823045428,2.47323806481482
JUNCTION-9,115.32,61.51,6.52145173750277,23.3113738501029
JUNCTION-901,66.79,146.07,0.505973860752764,3.21013292222222
JUNCTION-905,65.45,143.43,0.879314162559031,11.2991773871399
JUNCTION-91,98.91,80.26,6.42307604227238,26.5596224684156
JUNCTION-910,62.62,132.39,0.802131971523757,10.3137463404321
JUNCTION-913,58.77,135.12,0.328299997823944,20.0084514555555
JUNCTION-914,58.69,136.8,0.337051417691745,20.6753962645062
JUNCTION-916,59.59,138.54,0.360983862517946,20.8492110110082
JUNCTION-920,64.76,142.21,0.850070236036779,11.1862610167695
JUNCTION-922,64.38,142.71,0.00268346626453325,0
JUNCTION-925,71.31,143.59,0.00180420286764585,0
JUNCTION-926,65.46,149.2,0.452616597318065,1.05713907561729
JUNCTION-928,65.78,153.8,0.439485541541765,1.15708354382716
JUNCTION-929,65.54,154,0.38119863563494,1.73898638868313
JUNCTION-93,98.35,85.74,6.42525784875714,30.3481548089506
JUNCTION-930,62.17,154.19,0.315465562815923,0.563965121296297
JUNCTION-937,67.27,153.8,0.0977036658749713,0.623065049176955
JUNCTION-939,72.57,148.83,0.0757335177928424,0.810264355555555
JUNCTION-940,74.01,147.84,0.0706534624499843,0.871401512654321
JUNCTION-942,80.39,154.94,0.0477816135908107,1.50276016265432
JUNCTION-944,75.15,155.82,0.0452047122651426,1.4428765872428
JUNCTION-945,73.66,156.02,0.0507936227963737,1.32024777901234
JUNCTION-946,70.39,157.02,0.0522701480887316,1.1773401968107
JUNCTION-947,68.34,157.03,0.0806255456266682,1.50789881748971
JUNCTION-948,66.76,157.03,0.12876128343833,3.14723837602881
JUNCTION-949,72.67,157.69,0.0246429610496926,0.0281689833333334
JUNCTION-95,103.54,78.83,4.70739879066272,27.2124816279835
JUNCTION-951,72.78,159.23,0.018172146285407,0.0262801423868313
JUNCTION-952,79.76,160.01,0.00273085729233528,0
JUNCTION-953,63.73,156.92,0.0898339493581698,2.7930581313786
JUNCTION-955,57.82,157.58,0.0187255980231654,0.0204394181069959
JUNCTION-957,57.68,159.01,0.00982157364957515,0.0161253238683128
JUNCTION-959,57.57,162.31,0.00171195579595723,0
JUNCTION-96,103.29,76.11,0.00304522495654865,0
JUNCTION-960,60,164.26,0.00704828477335999,0
JUNCTION-962,60.78,164.55,0.0119368632273405,0.0325316934156379
JUNCTION-965,87.57,134.15,0.000394453195741944,5.20604938271605e-05
JUNCTION-969,92.58,170.52,2.31359403707459,28.1573195070987
JUNCTION-97,109.35,77.42,4.72780971370823,27.8142877638889
JUNCTION-972,89.77,170.82,2.1766174445338,31.0924656037037
JUNCTION-973,87.6,172.74,2.33263343630302,33.1701966209876
JUNCTION-974,89.16,171.94,0.00220777901557104,0
JUNCTION-975,87.29,170.06,0.00109679585822207,0
JUNCTION-976,84.54,173.4,2.56485120682658,20.5103579076132
JUNCTION-978,83.25,177.06,2.45846773154528,40.8652992312757
JUNCTION-979,86.87,175.63,2.40493475246885,30.9843334723251
JUNCTION-98,109.07,81.92,4.78376451839207,28.5513710004115
JUNCTION-981,84.44,177.98,2.50319501014791,30.5407757452675
JUNCTION-988,88.27,184.24,2.35109093533527,32.0080091861111
JUNCTION-995,92.94,188,1.6899984446017,32.5999381377572
JUNCTION-998,83.25,184.24,2.32984911047808,29.0102042797325
RESERVOIR-3323,104.14,63.82,7.75092036428521,24.4397412009259
TANK-3324,60.15,150.99,0.389462336518343,0.901761159979425
TANK-3325,50.85,121.74,1.77633833492187,25.5687242273663
TANK-3326,22,208,0.774579551795562,9.73472750493828
TANK-3327,129.59,144.64,3.72227481127048,37.0018772371399
TANK-3328,149.49,168.11,3.17990733521438,27.5110557610083
TANK-3329,149.35,168.13,3.17990733521438,27.5110557610083
TANK-3330,56.4,152.31,1.41936444014496,21.0977193322017
TANK-3331,175.93,151.59,2.04151758918544,26.3999580263374
TANK-3332,165.07,152.11,1.82672854984285,30.3077308235597
TANK-3333,158.45,192.65,1.15019355317255,8.19412943837449
TANK-3334,170.31,233.49,0.44958069686661,4.72258940010289
TANK-3335,48.1,134.41,0.30486763979702,1.89715966358025
TANK-3336,55.44,85,0.291975857608937,5.41889351450617
TANK-3337,153.85,170.22,1.08699009518249,26.6647792299383
TANK-3338,196.94,177.28,1.67531616470607,28.9152051414609
TANK-3339,197.32,177.33,1.67531616470607,28.9152051414609
TANK-3340,28.96,123.45,0.152305419161569,1.97160294053498
TANK-3341,186.53,222.04,0.0790656237799732,0.222541492078189
TANK-3342,178.06,189.39,0.165916871736815,1.68272039866255
TANK-3343,205.77,186.36,1.49146477152995,22.3911285633745
TANK-3344,205.78,186.58,1.49146477152995,22.3911285633745
TANK-3345,248,126,0.648069545206276,15.7111155899177
TANK-3346,183.28,186.99,0.0407482488963709,0.128042686213992
TANK-3347,172.14,173.81,0.0939716391751849,0.414110539609054
TANK-3348,261,104,0.649087847729478,12.8550565722222
TANK-3349,224.05,194.61,0.783127984379743,16.6434454466049
TANK-3350,254.68,187.27,0.440898872802391,8.0176713973251
TANK-3351,182.63,191.44,0.917895519582589,17.8438770765432
TANK-3352,275.65,182.59,0.377238549036511,2.8533634335391
TANK-3353,255.88,164.89,0.0902425510248516,0.826966422736625
TANK-3354,296,195,0.343441704052824,0.51453146532922
TANK-3355,263.5,186.22,0.009877662749257,0.0803174046296299
TANK-3356,264.74,169.18,0.0226600853404475,0.0985230262345679
TANK-3357,98.16,206.1,2.12739498961667,26.774028710288
